0 0.259251 0.744295 0.082996 0.265844
3 0.679812 0.164193 0.042908 0.135755
0 0.461535 0.431747 0.050448 0.210597
0 0.512241 0.386433 0.042423 0.163737
0 0.163512 0.373667 0.051955 0.184664
2 0.657097 0.218611 0.023638 0.036290
0 0.593644 0.421078 0.034332 0.169142
0 0.612804 0.709081 0.056721 0.252372
0 0.538584 0.408597 0.042436 0.131385
0 0.659264 0.480113 0.044708 0.187353
0 0.667384 0.584057 0.065808 0.215321
0 0.562669 0.399210 0.024297 0.123327
1 0.641027 0.363831 0.014122 0.028574
0 0.565412 0.423290 0.072786 0.172695
