0 0.892122 0.644155 0.044998 0.235824
0 0.120551 0.493265 0.060264 0.169480
0 0.743695 0.530530 0.054388 0.201039
0 0.164949 0.492724 0.047070 0.164413
3 0.763786 0.192653 0.042307 0.130501
0 0.547442 0.354217 0.043857 0.157479
0 0.731486 0.354340 0.035482 0.178818
0 0.388817 0.401153 0.044438 0.202938
2 0.739498 0.247457 0.023597 0.050244
0 0.377423 0.315376 0.028468 0.152311
0 0.604348 0.290660 0.029205 0.134209
0 0.189878 0.321918 0.038904 0.154225
1 0.094988 0.481505 0.012854 0.024977
2 0.689512 0.232316 0.021794 0.051641
0 0.378517 0.338918 0.030437 0.205008
