0 0.204429 0.706706 0.063651 0.229688
0 0.260648 0.686794 0.075495 0.199419
0 0.615022 0.615113 0.068081 0.205101
3 0.735141 0.194723 0.041324 0.140455
2 0.709561 0.258769 0.027930 0.059628
0 0.556528 0.654130 0.047614 0.199115
0 0.635576 0.403419 0.035995 0.193110
0 0.431064 0.372775 0.041985 0.173968
0 0.528084 0.638574 0.091049 0.193760
0 0.605163 0.333765 0.028166 0.174183
0 0.619763 0.262595 0.033691 0.166742
0 0.677639 0.642567 0.069919 0.207397
0 0.323340 0.753705 0.054458 0.143165
0 0.459342 0.293051 0.034857 0.172363
