3 0.755612 0.191067 0.042618 0.141424
0 0.225059 0.722814 0.071765 0.178468
0 0.528604 0.662436 0.073979 0.242280
0 0.626098 0.681389 0.046069 0.210439
2 0.729637 0.256806 0.026345 0.057426
0 0.451215 0.360807 0.046682 0.165116
0 0.594465 0.622244 0.054530 0.209977
0 0.662048 0.409243 0.036506 0.204210
0 0.559475 0.667459 0.040319 0.240519
0 0.283979 0.716788 0.080568 0.215396
0 0.647030 0.350352 0.037204 0.166141
0 0.285312 0.755791 0.079748 0.140582
0 0.271019 0.712560 0.057215 0.205601
0 0.614332 0.276150 0.030669 0.157718
