0 0.346859 0.570521 0.052793 0.174098
0 0.555168 0.693759 0.057752 0.275668
0 0.464598 0.766676 0.053033 0.236919
0 0.864857 0.535697 0.036572 0.176233
0 0.685117 0.522254 0.038649 0.159431
0 0.131245 0.634927 0.046332 0.213874
2 0.510755 0.333639 0.019886 0.049212
0 0.384828 0.512574 0.032037 0.152542
0 0.783839 0.445718 0.029072 0.119422
0 0.012020 0.750230 0.024017 0.365921
0 0.164240 0.506519 0.027629 0.160839
0 0.983304 0.596236 0.032449 0.271069
0 0.472017 0.647864 0.033973 0.140949
0 0.854774 0.503014 0.022820 0.110507
0 0.858138 0.511463 0.028316 0.125491
0 0.569890 0.626018 0.044130 0.230830
