0 0.334814 0.528080 0.050997 0.196305
3 0.155078 0.246606 0.049754 0.138382
0 0.502367 0.641096 0.068319 0.225376
0 0.846936 0.433232 0.051330 0.185930
0 0.681848 0.387360 0.065960 0.178242
0 0.389199 0.586074 0.053470 0.178320
0 0.527649 0.414278 0.036035 0.168096
0 0.455153 0.563637 0.043078 0.205121
2 0.182300 0.307169 0.026088 0.052896
0 0.563257 0.445650 0.045040 0.194224
0 0.879682 0.533643 0.040101 0.182627
0 0.512774 0.830236 0.051151 0.204779
0 0.927997 0.528236 0.076516 0.216378
1 0.443052 0.527221 0.015314 0.032122
