0 0.680021 0.686450 0.064471 0.244760
0 0.478411 0.518573 0.072151 0.214994
3 0.233236 0.224711 0.045545 0.167015
0 0.675047 0.431663 0.050239 0.202293
0 0.339971 0.543748 0.060611 0.263264
2 0.259908 0.290946 0.025740 0.056510
0 0.963922 0.523694 0.055042 0.226234
1 0.298745 0.557656 0.019300 0.034943
0 0.778288 0.473740 0.044916 0.210264
0 0.638722 0.441332 0.030656 0.138229
0 0.648692 0.510388 0.038274 0.128455
0 0.647913 0.477445 0.040458 0.190874
0 0.557028 0.863581 0.110403 0.113363
3 0.204506 0.056312 0.025835 0.112625
