0 0.769923 0.692031 0.085258 0.253914
3 0.212897 0.237726 0.046482 0.141133
0 0.936640 0.813797 0.062656 0.265283
0 0.591348 0.377404 0.036040 0.180888
0 0.704483 0.545437 0.038622 0.217110
0 0.471680 0.435669 0.040628 0.175990
0 0.407594 0.499866 0.060815 0.224516
0 0.737149 0.428540 0.047386 0.186466
0 0.363443 0.564122 0.045039 0.238392
0 0.279431 0.698951 0.051376 0.260774
0 0.665885 0.512099 0.036861 0.209453
2 0.239373 0.294304 0.024287 0.055665
0 0.352666 0.342311 0.041806 0.158074
3 0.255800 0.235322 0.039398 0.145672
