3 0.327311 0.245853 0.044109 0.130462
0 0.439131 0.438386 0.047195 0.203885
0 0.397467 0.564111 0.038222 0.194061
0 0.329249 0.579217 0.047006 0.230558
0 0.618594 0.750193 0.057829 0.196621
0 0.579474 0.480745 0.061110 0.178110
0 0.764067 0.429923 0.046426 0.191604
0 0.376396 0.489367 0.031813 0.186669
0 0.537796 0.502687 0.066072 0.150562
0 0.451795 0.564027 0.035857 0.195705
2 0.351895 0.305353 0.023392 0.054736
0 0.379340 0.737255 0.048674 0.121740
0 0.349267 0.514786 0.036111 0.216055
0 0.355070 0.513379 0.025509 0.204939
0 0.985941 0.550902 0.028118 0.217646
