0 0.070741 0.388274 0.050695 0.221521
0 0.338981 0.627212 0.079072 0.280739
0 0.452431 0.411051 0.080650 0.204996
0 0.519039 0.675171 0.086827 0.253874
0 0.533976 0.285044 0.050793 0.211434
3 0.703328 0.130814 0.049249 0.167840
0 0.043915 0.638711 0.072281 0.275015
0 0.435207 0.327433 0.045271 0.200263
0 0.565553 0.609389 0.071868 0.197558
2 0.672804 0.211704 0.031204 0.071264
0 0.323551 0.476290 0.068172 0.220249
0 0.205958 0.252843 0.044939 0.217907
1 0.490601 0.701251 0.020191 0.042265
0 0.605297 0.785645 0.060765 0.225437
