0 0.743538 0.538122 0.048622 0.192922
0 0.385315 0.407057 0.037670 0.164284
0 0.597534 0.294519 0.039193 0.126064
0 0.864988 0.640082 0.040860 0.226233
3 0.739541 0.195064 0.042183 0.132774
0 0.352613 0.317899 0.034251 0.143844
0 0.707181 0.363708 0.034299 0.173626
0 0.551141 0.359573 0.034553 0.143926
2 0.717056 0.251706 0.024068 0.050795
0 0.180675 0.323053 0.036557 0.151628
0 0.667273 0.694195 0.041478 0.182308
0 0.257834 0.501437 0.049189 0.172843
0 0.243367 0.511857 0.079643 0.171203
0 0.228165 0.508248 0.114487 0.186374
