0 0.261891 0.598732 0.105786 0.306787
0 0.381405 0.585131 0.083488 0.242157
0 0.087378 0.556513 0.056878 0.255155
2 0.779878 0.209276 0.031144 0.071129
0 0.751472 0.577399 0.069846 0.167506
0 0.339388 0.357047 0.059749 0.189384
0 0.614936 0.294724 0.051868 0.239354
3 0.807211 0.125197 0.040071 0.156254
0 0.640000 0.243206 0.035216 0.180756
1 0.614514 0.235224 0.012463 0.033583
1 0.298210 0.594755 0.017096 0.037485
0 0.365190 0.322921 0.042510 0.214406
0 0.322272 0.245983 0.035071 0.202350
0 0.621437 0.276476 0.044770 0.253045
