0 0.324781 0.587519 0.049314 0.180109
0 0.130379 0.619181 0.039982 0.221428
0 0.368865 0.525402 0.035748 0.166556
0 0.706081 0.527674 0.036083 0.153207
0 0.584671 0.646041 0.049946 0.249193
0 0.515230 0.708116 0.069222 0.196767
0 0.488041 0.789902 0.060606 0.268163
0 0.151282 0.510663 0.032478 0.179208
0 0.784290 0.445929 0.028745 0.117045
0 0.871639 0.519596 0.026521 0.168337
2 0.511099 0.333858 0.019833 0.048860
0 0.594452 0.635552 0.057545 0.236563
0 0.354473 0.488467 0.019603 0.099711
0 0.878864 0.517045 0.023696 0.166327
0 0.979865 0.565107 0.029469 0.202731
0 0.008921 0.758972 0.017834 0.334426
