0 0.268770 0.547698 0.042314 0.232131
0 0.562997 0.713364 0.049188 0.294944
0 0.619071 0.604022 0.048356 0.264748
0 0.356079 0.566768 0.045706 0.233025
0 0.206401 0.665640 0.066295 0.331856
2 0.694522 0.344231 0.032007 0.065282
0 0.120031 0.667264 0.045981 0.264090
0 0.791140 0.557046 0.036275 0.245825
0 0.505436 0.559333 0.039384 0.254245
0 0.539421 0.572092 0.040026 0.237739
0 0.385448 0.553734 0.030876 0.228959
1 0.379719 0.066750 0.017862 0.042132
0 0.140663 0.565543 0.048011 0.264688
0 0.830125 0.555138 0.054372 0.238137
0 0.570891 0.532233 0.031618 0.098278
