0 0.960580 0.566300 0.078841 0.212989
0 0.235078 0.504149 0.067150 0.268228
0 0.317011 0.521867 0.070268 0.251975
0 0.611573 0.447813 0.058110 0.182422
0 0.582196 0.539140 0.066698 0.220970
0 0.736519 0.363380 0.054171 0.203973
0 0.654797 0.457397 0.061891 0.211157
0 0.403093 0.552303 0.054499 0.251389
3 0.117160 0.085808 0.061275 0.164794
0 0.430325 0.395427 0.049582 0.233427
2 0.149654 0.163787 0.032358 0.071162
1 0.688985 0.473425 0.017262 0.033714
0 0.459606 0.409855 0.049953 0.220473
1 0.322672 0.613972 0.013131 0.028519
