0 0.655653 0.843058 0.069284 0.313884
0 0.606896 0.607834 0.049256 0.197731
0 0.345874 0.657583 0.055614 0.263059
0 0.095345 0.576301 0.042041 0.206199
0 0.222009 0.607987 0.066656 0.190926
0 0.586136 0.711585 0.057075 0.272238
2 0.631885 0.330085 0.026821 0.062006
0 0.203524 0.614264 0.103518 0.205852
0 0.558103 0.604493 0.054673 0.223187
0 0.451365 0.537083 0.049585 0.184880
0 0.558159 0.571460 0.056167 0.154932
0 0.559402 0.549718 0.054544 0.112988
0 0.659496 0.576192 0.063502 0.165259
0 0.428388 0.530164 0.034068 0.170903
0 0.466306 0.534955 0.062029 0.182709
