0 0.331158 0.613727 0.079297 0.254479
0 0.411205 0.612259 0.083852 0.230191
0 0.264633 0.512291 0.058814 0.238878
0 0.059806 0.499883 0.066014 0.225480
0 0.717645 0.635207 0.073653 0.227048
2 0.748264 0.204280 0.031596 0.066205
3 0.778593 0.116870 0.044980 0.162035
0 0.582398 0.304337 0.042276 0.210220
0 0.291784 0.247561 0.040096 0.209086
0 0.633658 0.779357 0.056950 0.211456
0 0.411100 0.327150 0.052696 0.196148
0 0.375178 0.333097 0.050052 0.161350
0 0.383455 0.339640 0.061859 0.175577
1 0.375463 0.668585 0.018824 0.041000
0 0.607807 0.238344 0.037666 0.184681
0 0.403134 0.324393 0.042054 0.200734
