0 0.146553 0.598039 0.042345 0.130426
3 0.788836 0.354340 0.034010 0.106266
0 0.697180 0.547100 0.044000 0.165029
2 0.772164 0.403622 0.024646 0.042213
0 0.322879 0.505378 0.045670 0.134985
0 0.625221 0.613309 0.030831 0.177536
0 0.589934 0.477425 0.025714 0.143742
0 0.542588 0.569544 0.059836 0.141119
0 0.530983 0.457012 0.027239 0.121974
0 0.662910 0.426006 0.032837 0.148072
0 0.534985 0.563495 0.045136 0.125301
0 0.390127 0.479289 0.034155 0.153426
1 0.749042 0.582364 0.011644 0.020511
0 0.291750 0.705997 0.040651 0.247250
0 0.015925 0.470228 0.031816 0.221941
