0 0.575355 0.688697 0.066014 0.224258
0 0.493479 0.497218 0.060578 0.170722
0 0.489806 0.645665 0.050148 0.204993
0 0.256131 0.541820 0.043694 0.193403
0 0.704671 0.445985 0.067818 0.173551
3 0.238372 0.251482 0.044992 0.132316
0 0.697741 0.644525 0.038612 0.222127
0 0.202385 0.597220 0.063415 0.205943
0 0.609870 0.449267 0.036621 0.145008
0 0.623997 0.555740 0.053442 0.212534
0 0.519559 0.332320 0.033794 0.126306
2 0.261311 0.309498 0.020643 0.049844
0 0.300675 0.727674 0.042728 0.179778
3 0.671514 0.841291 0.073998 0.095618
