3 0.669507 0.195652 0.060817 0.173161
0 0.329809 0.344557 0.069769 0.180170
0 0.266915 0.514307 0.075727 0.267957
0 0.101256 0.490317 0.076646 0.202404
0 0.879422 0.765779 0.071660 0.248544
0 0.507817 0.509414 0.068616 0.235597
0 0.687270 0.662868 0.075301 0.280152
2 0.640863 0.274624 0.031832 0.072601
0 0.424986 0.404402 0.041381 0.227904
0 0.348616 0.685230 0.064622 0.275779
0 0.542227 0.549547 0.046685 0.255643
0 0.372094 0.791702 0.065589 0.202607
1 0.343339 0.303897 0.014817 0.034695
0 0.606142 0.886611 0.063545 0.226778
