0 0.722337 0.560171 0.054420 0.216787
0 0.783606 0.582103 0.069965 0.185228
0 0.664161 0.658261 0.063626 0.228807
0 0.354944 0.642529 0.057564 0.216150
2 0.241557 0.360666 0.027090 0.058664
3 0.213314 0.294110 0.045862 0.142981
0 0.847623 0.659484 0.062982 0.235395
0 0.443182 0.754784 0.062936 0.241535
0 0.471144 0.752449 0.039352 0.220589
0 0.325498 0.514675 0.075896 0.196240
0 0.633314 0.553487 0.040474 0.156879
0 0.639236 0.548870 0.037118 0.152398
0 0.355967 0.841213 0.050139 0.189335
0 0.345334 0.478122 0.036511 0.124212
