3 0.246575 0.221108 0.048949 0.131647
0 0.798842 0.423255 0.041191 0.152620
0 0.708413 0.605824 0.063611 0.220058
0 0.649792 0.386007 0.051313 0.165142
0 0.489270 0.675311 0.049720 0.170915
0 0.506701 0.464069 0.049766 0.176102
0 0.439194 0.664097 0.075192 0.216694
2 0.267282 0.276054 0.023616 0.049412
1 0.502774 0.724120 0.016402 0.044493
0 0.436637 0.616498 0.045736 0.115209
0 0.528835 0.409329 0.029082 0.123974
0 0.435666 0.385804 0.030170 0.128943
0 0.444222 0.384004 0.039120 0.128203
0 0.931110 0.635323 0.115409 0.257575
