0 0.580873 0.595926 0.056177 0.238023
3 0.210854 0.159183 0.049524 0.158479
0 0.378642 0.553056 0.050390 0.204859
0 0.236764 0.484731 0.050969 0.227848
0 0.688799 0.538574 0.065702 0.230129
0 0.466130 0.501953 0.064688 0.199802
0 0.173991 0.440344 0.043983 0.231707
1 0.610056 0.604194 0.017229 0.034371
0 0.458637 0.351863 0.040560 0.146345
0 0.783888 0.544477 0.043232 0.236548
2 0.243020 0.229310 0.027066 0.066843
0 0.420001 0.514386 0.043976 0.208605
0 0.425482 0.524879 0.060204 0.224361
0 0.440272 0.357783 0.028370 0.140023
