0 0.494917 0.795534 0.056363 0.278519
0 0.149634 0.627609 0.048249 0.218315
0 0.715572 0.531679 0.042769 0.152859
0 0.570408 0.586874 0.048898 0.218397
0 0.527312 0.720401 0.051861 0.173561
0 0.304965 0.587701 0.038837 0.186321
0 0.324857 0.519926 0.049243 0.172041
0 0.015208 0.736469 0.030408 0.297868
0 0.966740 0.559233 0.027591 0.193257
2 0.511419 0.336026 0.020601 0.046912
0 0.871125 0.515240 0.031179 0.170416
0 0.142828 0.504775 0.034002 0.155775
0 0.858109 0.515046 0.025267 0.158588
0 0.733063 0.476230 0.027372 0.123395
0 0.784502 0.445686 0.028728 0.116430
