0 0.148826 0.580438 0.073116 0.212628
0 0.066935 0.606958 0.054295 0.268013
3 0.118804 0.124138 0.042070 0.154103
0 0.104681 0.359738 0.045063 0.223698
0 0.410786 0.347756 0.043077 0.205318
0 0.437835 0.333685 0.038907 0.205539
0 0.193717 0.353209 0.044023 0.226718
0 0.815600 0.537603 0.052708 0.224139
0 0.340959 0.751181 0.055383 0.206044
2 0.148022 0.197993 0.029524 0.064687
1 0.846101 0.482650 0.022041 0.039638
0 0.690104 0.522709 0.050097 0.196418
0 0.704287 0.416273 0.055798 0.204933
0 0.721838 0.387114 0.027367 0.184408
