3 0.797354 0.155511 0.050344 0.131186
0 0.362117 0.466429 0.044153 0.218923
0 0.597134 0.391822 0.048300 0.215854
0 0.858174 0.528759 0.046957 0.235792
0 0.451181 0.573609 0.051809 0.232725
0 0.648914 0.323784 0.036474 0.184702
2 0.772763 0.215066 0.024594 0.059423
0 0.683771 0.379781 0.033452 0.199729
0 0.777010 0.490583 0.043735 0.215017
0 0.124444 0.523298 0.045130 0.233220
0 0.313216 0.614844 0.048074 0.240972
0 0.456708 0.398988 0.046022 0.198319
1 0.139179 0.504543 0.014981 0.028810
3 0.760818 0.098201 0.027626 0.147088
0 0.462878 0.292868 0.035063 0.133349
