0 0.265678 0.741467 0.114740 0.263596
0 0.393449 0.662885 0.085843 0.263898
0 0.620538 0.719222 0.075938 0.224129
0 0.667460 0.849653 0.074413 0.300694
0 0.794423 0.566940 0.051879 0.215296
0 0.316936 0.546928 0.045254 0.198363
0 0.120102 0.585715 0.048612 0.235240
0 0.227916 0.509962 0.049602 0.127061
1 0.320918 0.696581 0.024691 0.043698
2 0.631994 0.329306 0.028834 0.061306
0 0.249517 0.592655 0.039631 0.197012
0 0.914894 0.555970 0.053973 0.224573
0 0.228239 0.543071 0.049912 0.196726
0 0.224675 0.589537 0.040582 0.103571
