0 0.142286 0.729525 0.073032 0.223543
0 0.517004 0.497180 0.041385 0.157884
0 0.688807 0.471149 0.036226 0.158647
0 0.594406 0.696278 0.043648 0.195059
0 0.017103 0.731985 0.033977 0.256840
0 0.731267 0.519167 0.039725 0.195420
0 0.647347 0.527339 0.050525 0.183295
0 0.600636 0.393063 0.032273 0.141793
0 0.355517 0.463299 0.038290 0.164158
2 0.747793 0.332870 0.025247 0.050411
0 0.664382 0.582116 0.041397 0.195742
3 0.773219 0.281273 0.043490 0.112357
0 0.255705 0.352911 0.028275 0.144068
3 0.839297 0.125237 0.040504 0.131866
0 0.921089 0.421321 0.065879 0.297439
