3 0.156738 0.232752 0.049391 0.145034
0 0.287477 0.537223 0.053854 0.195654
0 0.355846 0.682301 0.069996 0.238216
0 0.467592 0.570172 0.066721 0.201474
0 0.817919 0.432572 0.058006 0.184240
0 0.359786 0.477129 0.055470 0.201295
0 0.882414 0.439509 0.063357 0.175503
0 0.240080 0.514184 0.051740 0.194985
2 0.182440 0.297697 0.025903 0.061018
0 0.523908 0.375364 0.045013 0.169798
0 0.640419 0.612524 0.047308 0.232912
2 0.245689 0.311336 0.027921 0.064663
0 0.639544 0.546156 0.050639 0.273190
0 0.262569 0.616545 0.032725 0.079029
