3 0.113629 0.207465 0.049633 0.138741
0 0.226910 0.551571 0.047956 0.214138
0 0.741767 0.400179 0.050974 0.143039
0 0.045787 0.661781 0.049956 0.260519
0 0.440765 0.544071 0.050168 0.186595
2 0.140578 0.272329 0.027618 0.057744
0 0.561385 0.400855 0.039238 0.180134
0 0.340859 0.340252 0.041749 0.149170
0 0.267810 0.474057 0.039172 0.229161
1 0.802256 0.469561 0.015407 0.029646
0 0.347803 0.338762 0.028796 0.152176
0 0.292100 0.450289 0.038056 0.188783
0 0.486768 0.548984 0.061677 0.107222
2 0.203532 0.284619 0.025231 0.056093
