0 0.842220 0.553389 0.045839 0.177598
0 0.543304 0.575238 0.053920 0.191354
0 0.546692 0.731247 0.041225 0.314200
0 0.407444 0.562168 0.064670 0.196149
0 0.451596 0.804192 0.042335 0.286484
0 0.653373 0.531283 0.032686 0.155027
0 0.465495 0.703493 0.044457 0.239752
0 0.164950 0.646827 0.043337 0.220343
0 0.162434 0.503285 0.037693 0.152512
2 0.510969 0.332486 0.020044 0.051213
0 0.984294 0.580175 0.029560 0.224023
0 0.404130 0.517653 0.039884 0.150045
1 0.508733 0.261616 0.011001 0.028069
0 0.731512 0.454372 0.030996 0.095634
