3 0.324524 0.246234 0.046757 0.137513
0 0.372970 0.499413 0.033295 0.188398
0 0.591149 0.470214 0.047314 0.180464
0 0.434671 0.433774 0.042062 0.203115
0 0.326688 0.581796 0.047906 0.225363
0 0.377845 0.740012 0.047533 0.120087
0 0.452844 0.556239 0.040027 0.214254
0 0.553553 0.537261 0.045350 0.213886
0 0.407682 0.572158 0.034553 0.206071
2 0.350420 0.307318 0.025614 0.054359
0 0.615067 0.750121 0.054021 0.193560
0 0.759722 0.411424 0.035662 0.218834
3 0.290941 0.091362 0.026700 0.122311
0 0.984757 0.561162 0.030434 0.198570
