0 0.602139 0.290565 0.040826 0.133208
0 0.897652 0.648463 0.046281 0.245140
0 0.735457 0.537879 0.046027 0.198945
0 0.121745 0.492060 0.057394 0.176460
0 0.175748 0.508259 0.055967 0.190201
0 0.549681 0.350999 0.044631 0.156066
0 0.353559 0.322320 0.039788 0.151731
0 0.379665 0.408162 0.035955 0.182551
3 0.767883 0.186129 0.041266 0.125376
0 0.691505 0.699596 0.041485 0.190570
0 0.729355 0.362201 0.030004 0.188381
2 0.745954 0.244982 0.024680 0.051385
0 0.746900 0.350047 0.023737 0.145870
1 0.095217 0.479979 0.012923 0.026861
