0 0.494594 0.793742 0.053140 0.277049
0 0.309368 0.583966 0.049505 0.190332
0 0.710413 0.527688 0.039738 0.152099
0 0.141958 0.628156 0.050016 0.209283
0 0.526697 0.718062 0.053808 0.175463
0 0.019930 0.784808 0.039860 0.273758
0 0.580855 0.608443 0.049037 0.239027
0 0.970012 0.561171 0.028926 0.198282
0 0.871737 0.513539 0.034710 0.166170
2 0.510940 0.334002 0.019489 0.048793
0 0.342218 0.521195 0.029118 0.167862
0 0.784258 0.445820 0.028722 0.115206
0 0.141193 0.500560 0.030175 0.144204
0 0.731646 0.474750 0.027004 0.116820
0 0.862742 0.512823 0.025785 0.158515
