0 0.595732 0.495040 0.032369 0.129479
3 0.825147 0.300383 0.026040 0.078537
0 0.387705 0.448138 0.030074 0.100798
0 0.672994 0.435669 0.023246 0.109034
0 0.136642 0.451880 0.031462 0.109971
0 0.237575 0.431948 0.028262 0.116148
0 0.343845 0.451906 0.035901 0.113226
0 0.847235 0.464029 0.022911 0.133181
0 0.073561 0.417711 0.032012 0.123074
0 0.723382 0.415323 0.035719 0.137681
0 0.717954 0.416852 0.025362 0.137943
0 0.300985 0.401656 0.028793 0.117424
0 0.522901 0.386328 0.019456 0.125490
0 0.202070 0.401384 0.031337 0.188925
0 0.152403 0.422563 0.027266 0.094559
0 0.474048 0.386415 0.024662 0.096599
