0 0.231100 0.643238 0.071092 0.180659
0 0.668463 0.603433 0.061330 0.213836
0 0.613169 0.742362 0.061784 0.194290
0 0.123034 0.707447 0.061994 0.211278
0 0.291291 0.441639 0.048477 0.157760
0 0.547320 0.294196 0.039316 0.147655
3 0.740772 0.195210 0.055649 0.143677
0 0.620629 0.392451 0.038119 0.158854
0 0.199116 0.362731 0.051049 0.157199
2 0.715327 0.262207 0.029978 0.056078
0 0.364536 0.538421 0.058503 0.196485
0 0.410004 0.492724 0.050352 0.192538
1 0.146710 0.706069 0.015337 0.032502
0 0.177654 0.293731 0.031092 0.167076
