0 0.527255 0.287024 0.046982 0.216890
0 0.077620 0.640959 0.085320 0.272552
0 0.339908 0.621991 0.068224 0.294207
0 0.068975 0.394297 0.055408 0.227517
0 0.605126 0.784666 0.060634 0.227954
0 0.556249 0.606822 0.069736 0.192034
0 0.446402 0.396186 0.070670 0.215595
3 0.702858 0.125066 0.047139 0.155028
0 0.314076 0.476241 0.054883 0.222629
0 0.518869 0.660746 0.082153 0.231881
2 0.673347 0.209527 0.032620 0.071947
0 0.206580 0.250194 0.045364 0.223052
1 0.513139 0.728899 0.017169 0.036321
0 0.440063 0.315699 0.037123 0.208246
0 0.440162 0.280819 0.036802 0.139549
