0 0.513281 0.471265 0.065487 0.201396
0 0.531268 0.662266 0.058376 0.230469
3 0.175883 0.254738 0.050421 0.132544
0 0.676737 0.373546 0.046830 0.180929
0 0.400163 0.611566 0.043271 0.212518
0 0.814564 0.446729 0.046210 0.153592
0 0.363101 0.744701 0.044082 0.115946
0 0.573313 0.423905 0.033424 0.169686
2 0.203571 0.311118 0.024508 0.051943
0 0.291106 0.556067 0.047558 0.205326
0 0.733051 0.513088 0.035008 0.183757
0 0.745288 0.567047 0.035680 0.195265
0 0.283673 0.545443 0.043300 0.223780
0 0.299721 0.558600 0.032460 0.193870
