0 0.353523 0.714175 0.074958 0.285993
0 0.289636 0.514563 0.082856 0.216491
3 0.716948 0.126668 0.044920 0.160228
0 0.621437 0.785783 0.065203 0.235234
0 0.426479 0.641956 0.072305 0.243474
0 0.402669 0.385359 0.066765 0.224797
0 0.480208 0.328953 0.068320 0.205686
0 0.042678 0.443802 0.049655 0.236583
0 0.502371 0.650572 0.104394 0.328246
2 0.688543 0.206456 0.032208 0.069088
0 0.503665 0.592956 0.082810 0.215597
0 0.480152 0.268190 0.028863 0.145392
0 0.483038 0.303657 0.044755 0.219858
1 0.343295 0.740451 0.018671 0.046495
1 0.387866 0.600110 0.021807 0.041939
