0 0.444479 0.546435 0.056672 0.150298
3 0.342505 0.254490 0.044809 0.131254
0 0.765616 0.688935 0.059253 0.192867
0 0.361335 0.600462 0.049610 0.207086
2 0.367443 0.309620 0.024261 0.047645
0 0.814006 0.419186 0.051084 0.169654
0 0.457350 0.381589 0.048029 0.126705
0 0.541189 0.522162 0.038898 0.208886
0 0.523338 0.560347 0.049991 0.197951
0 0.411971 0.401930 0.028292 0.106716
0 0.567532 0.441684 0.063592 0.150348
0 0.377577 0.709667 0.046697 0.111051
0 0.370149 0.483546 0.060357 0.117127
0 0.982428 0.548733 0.035144 0.219526
