0 0.029650 0.711349 0.059204 0.244446
3 0.109625 0.209957 0.051313 0.162852
0 0.792795 0.406720 0.063887 0.198607
0 0.253328 0.622113 0.066105 0.259340
2 0.139298 0.276120 0.031367 0.053063
0 0.720224 0.446781 0.059010 0.225124
0 0.282127 0.355449 0.040279 0.165461
0 0.256815 0.442452 0.047000 0.186791
0 0.634416 0.480097 0.065079 0.197711
1 0.665096 0.540788 0.014358 0.038904
0 0.486970 0.552379 0.062178 0.205051
0 0.492922 0.465932 0.066745 0.173398
0 0.865021 0.605634 0.067239 0.226416
0 0.845736 0.616503 0.096749 0.251030
