0 0.402428 0.583263 0.077896 0.241757
0 0.541821 0.770758 0.084885 0.215741
3 0.210316 0.172448 0.048501 0.152803
0 0.641434 0.347236 0.041666 0.191250
0 0.325943 0.632203 0.062029 0.213662
0 0.370690 0.296909 0.035732 0.178913
0 0.295364 0.469563 0.044859 0.208264
0 0.508843 0.679583 0.073500 0.126323
0 0.850397 0.440865 0.047264 0.180798
0 0.547111 0.525626 0.085451 0.198433
0 0.535180 0.376749 0.032671 0.171142
2 0.239561 0.243680 0.031971 0.063325
1 0.577107 0.781263 0.019983 0.031901
0 0.508672 0.709104 0.071856 0.185868
