0 0.517737 0.710550 0.055457 0.178668
0 0.489275 0.803997 0.056283 0.283457
0 0.313524 0.585187 0.036617 0.183154
0 0.290985 0.519346 0.035166 0.160684
0 0.725929 0.533905 0.035447 0.160248
0 0.145107 0.495030 0.038857 0.125605
0 0.150931 0.639131 0.044972 0.234418
2 0.511021 0.332827 0.019461 0.050455
0 0.015531 0.729849 0.030869 0.269010
0 0.555282 0.580230 0.038310 0.189403
0 0.860873 0.515987 0.028394 0.160182
0 0.869440 0.514931 0.034455 0.168303
0 0.733419 0.487555 0.027884 0.149865
0 0.784764 0.445937 0.027465 0.115608
0 0.964421 0.559737 0.026558 0.196125
