0 0.404565 0.543641 0.093401 0.251641
0 0.969593 0.552876 0.060814 0.229705
3 0.153930 0.083012 0.060673 0.162793
0 0.345320 0.519574 0.069319 0.241744
0 0.603666 0.534459 0.064177 0.196358
0 0.762322 0.355539 0.056432 0.210756
0 0.279976 0.489627 0.047294 0.277309
0 0.483337 0.412523 0.054279 0.247155
2 0.184765 0.154414 0.032274 0.068863
0 0.594546 0.444521 0.107324 0.175941
0 0.459312 0.392159 0.052236 0.219849
0 0.631990 0.467360 0.058609 0.208483
1 0.678531 0.472087 0.018496 0.035939
2 0.153965 0.084376 0.061717 0.165103
0 0.645875 0.460883 0.067738 0.204554
