0 0.243722 0.537925 0.051294 0.158355
0 0.858936 0.513721 0.035841 0.165235
0 0.679964 0.548514 0.047621 0.155293
0 0.965539 0.562919 0.025411 0.182587
0 0.181497 0.707456 0.047731 0.257498
0 0.513167 0.704945 0.044965 0.223000
0 0.481706 0.802348 0.056044 0.283068
0 0.306487 0.625443 0.032951 0.197756
0 0.144741 0.517026 0.038022 0.182669
0 0.509187 0.538187 0.035324 0.154589
2 0.510393 0.339766 0.022319 0.048204
1 0.448060 0.670886 0.016801 0.037265
0 0.480960 0.542532 0.037030 0.193355
0 0.277249 0.465874 0.026270 0.139419
0 0.735019 0.473393 0.036234 0.108522
0 0.197180 0.444183 0.017912 0.093440
