3 0.210453 0.172150 0.048310 0.152009
0 0.574095 0.506131 0.060437 0.211823
0 0.326419 0.604748 0.057222 0.226558
0 0.363459 0.299137 0.033757 0.175584
0 0.633567 0.347343 0.058167 0.193539
0 0.570001 0.751657 0.117641 0.235445
0 0.305538 0.438378 0.042723 0.220933
0 0.377844 0.559108 0.041912 0.224946
0 0.861031 0.456756 0.043054 0.216467
0 0.521819 0.712689 0.081950 0.197511
0 0.541772 0.388406 0.033729 0.199627
2 0.239658 0.243468 0.032104 0.063524
1 0.630979 0.657782 0.021477 0.038477
0 0.521785 0.680426 0.080467 0.128841
