0 0.339130 0.575704 0.048475 0.181663
0 0.696454 0.525215 0.046044 0.157095
0 0.384755 0.517295 0.041684 0.162110
0 0.469081 0.762058 0.053592 0.259506
0 0.866196 0.528906 0.037381 0.178480
0 0.581339 0.613923 0.053277 0.219144
0 0.125547 0.630185 0.039581 0.218944
0 0.558816 0.689687 0.067164 0.277536
0 0.783638 0.445174 0.028014 0.121436
2 0.511137 0.333823 0.020135 0.049162
0 0.010886 0.751323 0.021771 0.361939
0 0.983374 0.594833 0.032025 0.268803
0 0.167678 0.531500 0.021988 0.111040
0 0.147471 0.533139 0.032150 0.114706
