0 0.280169 0.622938 0.061103 0.244663
0 0.260943 0.398413 0.050370 0.185802
3 0.800655 0.160711 0.048332 0.143385
0 0.380768 0.707127 0.059558 0.265847
0 0.545350 0.579221 0.054965 0.229476
0 0.331419 0.437024 0.046296 0.203940
0 0.415997 0.559658 0.069311 0.206209
2 0.773562 0.228039 0.029000 0.063550
0 0.522382 0.429486 0.054450 0.205065
0 0.375713 0.428151 0.042240 0.133579
0 0.305247 0.496148 0.045106 0.128653
0 0.314578 0.521531 0.058025 0.117340
0 0.372208 0.391965 0.040434 0.195011
0 0.311805 0.502461 0.057823 0.147454
