0 0.249796 0.522915 0.052329 0.169048
0 0.316851 0.593780 0.038914 0.196315
0 0.154420 0.676181 0.045750 0.257087
0 0.861318 0.519443 0.034957 0.176190
0 0.730646 0.548618 0.038784 0.166358
0 0.494879 0.826895 0.062729 0.308216
2 0.510076 0.340507 0.021596 0.046686
0 0.967154 0.557662 0.028617 0.176603
0 0.517340 0.562554 0.053933 0.169276
0 0.147066 0.503211 0.035653 0.138615
0 0.732606 0.511667 0.030120 0.180777
0 0.006617 0.723412 0.013150 0.252060
0 0.512809 0.720951 0.052807 0.179710
0 0.535990 0.523136 0.020522 0.111310
0 0.731058 0.478104 0.032916 0.115071
