0 0.518187 0.467039 0.053227 0.200685
3 0.170154 0.249616 0.047547 0.136299
0 0.381083 0.602639 0.057687 0.175786
0 0.380256 0.747601 0.055860 0.121027
0 0.688055 0.390665 0.060882 0.165922
0 0.816004 0.441582 0.051205 0.160516
0 0.525871 0.661437 0.050949 0.230260
0 0.760559 0.558004 0.054966 0.190630
0 0.566882 0.426562 0.034626 0.170195
0 0.926297 0.382301 0.048759 0.183246
2 0.196335 0.312711 0.024153 0.058285
0 0.311078 0.549769 0.056861 0.216758
0 0.293829 0.532482 0.034630 0.202101
0 0.321201 0.552839 0.037583 0.200934
0 0.754797 0.530047 0.042363 0.184219
