0 0.324466 0.587080 0.051374 0.183097
0 0.126780 0.627863 0.044253 0.229077
0 0.383557 0.528665 0.043152 0.154010
0 0.602470 0.647986 0.060874 0.214700
0 0.707983 0.526730 0.046086 0.152125
0 0.573398 0.665197 0.053163 0.249116
0 0.870552 0.522472 0.033302 0.171539
0 0.784193 0.445651 0.028366 0.117002
0 0.159200 0.507017 0.028402 0.163362
0 0.473928 0.722871 0.043643 0.253167
2 0.511300 0.333726 0.019180 0.050220
0 0.503079 0.704962 0.051607 0.214866
0 0.732679 0.465201 0.029171 0.098873
0 0.008500 0.733022 0.016999 0.379440
1 0.484859 0.357539 0.015007 0.040079
1 0.175106 0.507766 0.012390 0.025145
