0 0.347400 0.495603 0.051987 0.154376
0 0.410525 0.491243 0.051123 0.190529
0 0.892505 0.677931 0.047287 0.207449
0 0.732564 0.561454 0.043560 0.205024
0 0.609471 0.394562 0.048352 0.168691
0 0.536812 0.291199 0.045820 0.133538
0 0.224989 0.355531 0.043552 0.133038
0 0.279426 0.679784 0.055652 0.220544
2 0.700608 0.258499 0.028686 0.057812
0 0.084868 0.726337 0.062956 0.255607
3 0.727338 0.187538 0.054797 0.140819
0 0.501785 0.486939 0.048917 0.178896
0 0.174843 0.276714 0.040267 0.151017
3 0.754098 0.049950 0.040814 0.096041
0 0.513726 0.488540 0.072313 0.182161
2 0.772908 0.223795 0.040121 0.038920
