0 0.849030 0.629214 0.076070 0.255697
3 0.294164 0.221797 0.048129 0.138490
0 0.479554 0.404615 0.045745 0.157442
0 0.571098 0.435100 0.038505 0.178662
0 0.420115 0.663973 0.061639 0.180220
0 0.621345 0.601780 0.046887 0.204190
0 0.665069 0.388181 0.049330 0.174248
0 0.533235 0.472110 0.048634 0.196064
0 0.823073 0.435591 0.035793 0.178714
0 0.359911 0.683217 0.096785 0.214434
2 0.315450 0.278125 0.024002 0.050728
0 0.466103 0.329122 0.029944 0.147513
0 0.474021 0.732897 0.050793 0.174847
1 0.312857 0.693581 0.017519 0.034259
