0 0.577946 0.423969 0.051637 0.160719
0 0.845635 0.558568 0.074258 0.201948
0 0.662096 0.514683 0.057961 0.178657
0 0.163837 0.667277 0.064796 0.245205
3 0.273890 0.291278 0.042253 0.142579
0 0.313071 0.519136 0.043623 0.166570
0 0.420361 0.631855 0.057056 0.228521
0 0.024546 0.677088 0.049093 0.234444
2 0.297541 0.355564 0.025339 0.055559
0 0.292575 0.596241 0.037197 0.150822
0 0.771987 0.541564 0.046949 0.237899
0 0.279006 0.771350 0.051908 0.247567
0 0.259471 0.769269 0.089554 0.251788
0 0.299134 0.459236 0.029880 0.150378
