0 0.611640 0.686275 0.103981 0.201309
0 0.402287 0.556550 0.050484 0.155695
0 0.740234 0.615856 0.044865 0.209188
0 0.350946 0.567253 0.042440 0.164610
0 0.304458 0.517666 0.041765 0.165196
0 0.096668 0.663578 0.052440 0.217660
0 0.515704 0.708164 0.075895 0.212117
0 0.178093 0.526051 0.031132 0.174943
0 0.202626 0.638513 0.060635 0.216296
1 0.444769 0.644375 0.019800 0.034760
2 0.601016 0.344181 0.022806 0.051506
0 0.128659 0.540316 0.046000 0.218167
0 0.514253 0.641845 0.033301 0.183709
0 0.506780 0.646270 0.049068 0.196346
