0 0.363677 0.451456 0.037753 0.123381
3 0.835140 0.294256 0.029514 0.088057
0 0.154810 0.419332 0.026105 0.103600
0 0.680327 0.527135 0.031362 0.137830
0 0.235492 0.426102 0.026570 0.137407
0 0.530231 0.477003 0.037767 0.125764
0 0.699213 0.417778 0.023024 0.109666
0 0.055513 0.448344 0.038091 0.080274
0 0.179904 0.389129 0.022629 0.113168
0 0.742943 0.384744 0.029254 0.112799
0 0.510456 0.363792 0.021530 0.133200
0 0.322069 0.438941 0.025498 0.115636
0 0.859658 0.448901 0.019098 0.125105
0 0.541003 0.373058 0.017266 0.126617
0 0.289345 0.439117 0.031604 0.106756
0 0.319174 0.443330 0.034119 0.122228
0 0.536558 0.370792 0.019161 0.129626
0 0.493699 0.353518 0.024127 0.119326
0 0.552652 0.358306 0.020548 0.122135
0 0.026938 0.419019 0.023707 0.093086
