0 0.732672 0.541393 0.039680 0.164137
0 0.316519 0.591676 0.046165 0.185073
0 0.534515 0.566161 0.036162 0.180458
0 0.494077 0.825614 0.059475 0.306525
0 0.274782 0.518596 0.037008 0.173587
0 0.158996 0.656062 0.053218 0.242006
0 0.861756 0.517931 0.035593 0.170271
0 0.516777 0.716273 0.047923 0.177493
2 0.510468 0.339446 0.022015 0.046653
0 0.016890 0.721982 0.033779 0.250580
0 0.147847 0.503835 0.037209 0.134564
0 0.964304 0.553197 0.028024 0.173300
0 0.728279 0.466328 0.029299 0.097189
0 0.548579 0.512496 0.025636 0.136204
2 0.196548 0.355324 0.019146 0.030515
