0 0.547069 0.766692 0.088105 0.215372
3 0.210232 0.172443 0.048553 0.152676
0 0.394782 0.577028 0.070126 0.223885
0 0.639757 0.346889 0.044803 0.195896
0 0.297591 0.457378 0.046921 0.228455
0 0.365667 0.300294 0.037133 0.175585
0 0.328106 0.612916 0.055843 0.200933
0 0.556053 0.518523 0.076279 0.191773
0 0.859182 0.439760 0.043608 0.180594
0 0.539566 0.387329 0.032026 0.190569
0 0.518185 0.689994 0.085915 0.144367
2 0.239561 0.243563 0.032103 0.063325
1 0.593974 0.770001 0.019008 0.030815
0 0.515855 0.716738 0.080813 0.199975
