0 0.327804 0.675585 0.095562 0.193397
0 0.468937 0.646728 0.059893 0.218044
0 0.936556 0.601871 0.072110 0.205526
0 0.234729 0.692742 0.053215 0.232970
3 0.322271 0.327727 0.042938 0.143450
0 0.647987 0.473373 0.040851 0.153345
0 0.844274 0.570808 0.053952 0.227087
0 0.379368 0.545686 0.046847 0.176905
0 0.360654 0.807297 0.055127 0.233247
0 0.694025 0.558236 0.046490 0.178958
2 0.345854 0.394118 0.025222 0.057239
0 0.065006 0.711988 0.058218 0.232162
0 0.680979 0.439970 0.036574 0.157393
0 0.363313 0.511004 0.026591 0.187198
