0 0.733101 0.544824 0.039365 0.168989
0 0.316681 0.594144 0.043830 0.190970
0 0.156515 0.672080 0.049787 0.260884
0 0.263299 0.521867 0.036800 0.167811
0 0.862224 0.521291 0.036044 0.175491
0 0.525538 0.562968 0.045361 0.177884
0 0.147540 0.504771 0.037664 0.137177
0 0.498312 0.825505 0.062594 0.312456
0 0.009382 0.726882 0.018704 0.242702
2 0.510286 0.340551 0.021957 0.047347
0 0.966887 0.557002 0.028447 0.171719
0 0.511610 0.720750 0.055570 0.180215
0 0.729869 0.479105 0.029784 0.112813
0 0.542560 0.523613 0.020125 0.126266
