3 0.086287 0.208751 0.051231 0.138226
0 0.212392 0.557993 0.051936 0.209614
0 0.333264 0.338507 0.033304 0.160707
0 0.026584 0.665297 0.052747 0.260070
0 0.764405 0.406500 0.051451 0.126371
0 0.422107 0.539649 0.045006 0.184967
2 0.112814 0.271553 0.028174 0.057164
0 0.268397 0.459395 0.036538 0.178372
0 0.227913 0.424616 0.039102 0.139122
1 0.566137 0.554547 0.022975 0.034845
0 0.571757 0.392458 0.057210 0.190715
2 0.177392 0.285906 0.026089 0.057061
1 0.792940 0.471326 0.016084 0.030454
0 0.231629 0.726318 0.045353 0.201337
1 0.253990 0.547927 0.016817 0.024124
