0 0.264181 0.509914 0.086303 0.226774
0 0.369091 0.619347 0.081723 0.250835
0 0.686487 0.644439 0.098303 0.230595
0 0.573853 0.745856 0.072011 0.290259
0 0.429880 0.611597 0.059303 0.243514
3 0.756855 0.121233 0.043445 0.159352
0 0.048300 0.494029 0.055851 0.271676
0 0.559065 0.296580 0.041659 0.216205
2 0.729374 0.205124 0.030648 0.065351
0 0.385663 0.356436 0.042689 0.214743
0 0.585510 0.240554 0.039623 0.180937
1 0.389884 0.610251 0.017994 0.036333
0 0.419481 0.325607 0.038882 0.219986
0 0.628504 0.779989 0.060187 0.220612
1 0.421318 0.621307 0.017700 0.034438
0 0.269944 0.244730 0.042686 0.212695
