0 0.325533 0.510956 0.080005 0.179345
0 0.385129 0.392332 0.040959 0.176975
0 0.720377 0.542348 0.053729 0.204386
0 0.846912 0.647959 0.047793 0.244210
3 0.716659 0.176562 0.044762 0.130200
0 0.572487 0.359408 0.052726 0.157431
0 0.286589 0.319492 0.033338 0.156167
2 0.693309 0.236843 0.025229 0.050093
0 0.685801 0.343127 0.030445 0.143539
0 0.244265 0.579973 0.045335 0.215060
0 0.667241 0.373241 0.035582 0.197647
0 0.567523 0.260733 0.035947 0.102633
0 0.640822 0.702285 0.043664 0.193503
1 0.250159 0.568124 0.015262 0.034970
