0 0.418102 0.549917 0.094862 0.212067
0 0.723906 0.619067 0.059174 0.214541
0 0.644769 0.400362 0.065693 0.213951
0 0.216122 0.429839 0.059573 0.176817
0 0.693271 0.717531 0.088223 0.190885
0 0.586165 0.483772 0.065939 0.216032
0 0.586277 0.754045 0.056869 0.204045
2 0.674733 0.244731 0.024591 0.051468
3 0.701953 0.176297 0.046046 0.154051
0 0.514499 0.314239 0.065511 0.137998
0 0.496925 0.389863 0.063870 0.133603
0 0.467124 0.441234 0.072749 0.147654
0 0.505037 0.309601 0.046655 0.126847
0 0.477418 0.453048 0.088589 0.175856
