0 0.348301 0.488774 0.041779 0.168734
0 0.559486 0.459532 0.061824 0.178408
0 0.272651 0.677975 0.062168 0.226711
0 0.728031 0.556971 0.042204 0.211665
0 0.889881 0.665101 0.048323 0.228490
0 0.527280 0.283231 0.048011 0.129590
0 0.481235 0.430171 0.047933 0.146529
0 0.217961 0.342553 0.033501 0.153812
3 0.720983 0.179394 0.051834 0.129328
0 0.596328 0.370189 0.040103 0.166673
0 0.070401 0.727461 0.057519 0.257826
2 0.694922 0.246657 0.028167 0.058865
1 0.094923 0.769472 0.017799 0.037242
1 0.452603 0.417037 0.011080 0.020099
3 0.748524 0.039266 0.030747 0.077635
