0 0.863599 0.516412 0.041275 0.173477
0 0.307087 0.605244 0.045954 0.192139
0 0.487061 0.821675 0.062716 0.306488
0 0.710444 0.549756 0.040380 0.165667
0 0.233589 0.530287 0.037997 0.158542
0 0.503100 0.543160 0.040486 0.180954
0 0.163031 0.687952 0.056650 0.259069
0 0.512892 0.718673 0.054997 0.183205
0 0.152113 0.501942 0.034253 0.146452
2 0.510445 0.339978 0.021879 0.049162
0 0.965939 0.557675 0.025454 0.176992
0 0.735953 0.476771 0.031189 0.112332
0 0.490590 0.513505 0.022941 0.126224
0 0.311269 0.466063 0.023538 0.115048
