3 0.799251 0.361458 0.033731 0.104531
0 0.700089 0.540061 0.048930 0.169863
0 0.522242 0.567484 0.052595 0.136038
0 0.319077 0.496022 0.049125 0.140456
0 0.605683 0.472795 0.028193 0.141756
0 0.142497 0.583702 0.054698 0.137049
0 0.637246 0.608877 0.032446 0.188365
2 0.781369 0.408652 0.022200 0.042867
0 0.491033 0.642701 0.055210 0.192204
0 0.707895 0.406483 0.026424 0.119684
0 0.409258 0.461608 0.038565 0.176239
0 0.543642 0.456528 0.028671 0.133685
0 0.628798 0.764444 0.051789 0.158811
0 0.673944 0.431233 0.031181 0.144496
