0 0.304468 0.623189 0.093529 0.270348
0 0.711942 0.739452 0.066967 0.255927
0 0.408799 0.602827 0.086412 0.229882
0 0.743409 0.620661 0.056494 0.261433
0 0.076446 0.519706 0.061300 0.250619
0 0.271700 0.536385 0.048929 0.241923
3 0.792407 0.122720 0.041737 0.155961
2 0.765584 0.205522 0.030708 0.068837
1 0.356108 0.668874 0.018485 0.036771
0 0.593731 0.304892 0.061864 0.211541
0 0.365761 0.345579 0.049115 0.200793
0 0.308136 0.246775 0.040618 0.208587
0 0.625837 0.237939 0.034865 0.185897
0 0.649537 0.777876 0.058866 0.218074
