3 0.348589 0.156850 0.046982 0.133860
0 0.515086 0.589971 0.053380 0.243656
0 0.732714 0.579206 0.078878 0.211725
0 0.671607 0.575332 0.067567 0.195954
0 0.811512 0.480512 0.045868 0.212231
0 0.473310 0.362837 0.032602 0.191905
0 0.610388 0.437801 0.030768 0.134573
0 0.497191 0.494646 0.047186 0.287418
2 0.371881 0.218856 0.029744 0.052292
0 0.499848 0.279434 0.039487 0.156141
0 0.608225 0.334245 0.031508 0.119762
0 0.610458 0.417049 0.034691 0.174618
0 0.496178 0.455598 0.050344 0.213843
1 0.806464 0.459692 0.018378 0.032000
0 0.618980 0.310069 0.023837 0.171774
