0 0.326026 0.585817 0.050122 0.183289
0 0.582372 0.657599 0.051291 0.255840
0 0.606313 0.644135 0.058626 0.221257
0 0.153764 0.507373 0.032855 0.179072
0 0.707486 0.528451 0.037647 0.150900
0 0.126474 0.624715 0.038282 0.230813
0 0.376037 0.523048 0.042062 0.163665
0 0.508572 0.706749 0.042101 0.207296
0 0.784264 0.446622 0.029086 0.116760
0 0.481712 0.751185 0.051421 0.282468
2 0.510664 0.333474 0.019903 0.049464
0 0.871661 0.522101 0.029095 0.167707
0 0.731922 0.471925 0.027756 0.113191
0 0.981804 0.574734 0.026388 0.228481
1 0.482580 0.522817 0.018460 0.039263
0 0.008370 0.749068 0.016701 0.358608
