3 0.301216 0.301204 0.042756 0.137131
0 0.436006 0.598028 0.036736 0.164879
0 0.757567 0.620655 0.045705 0.212952
0 0.374750 0.607888 0.040609 0.230157
0 0.824894 0.653046 0.081198 0.284327
0 0.480540 0.575431 0.039006 0.132374
0 0.564039 0.523396 0.025963 0.166576
0 0.310312 0.555369 0.032958 0.145722
0 0.343491 0.648804 0.086962 0.166155
2 0.322476 0.370546 0.023484 0.055867
0 0.250461 0.672688 0.060523 0.214229
0 0.477197 0.662563 0.038577 0.112446
0 0.398429 0.548386 0.028670 0.145024
2 0.524427 0.418887 0.018778 0.037632
3 0.263018 0.311862 0.031453 0.098367
0 0.556978 0.584424 0.049619 0.287617
0 0.654513 0.559708 0.044090 0.109783
