0 0.792592 0.624572 0.048900 0.243307
3 0.681196 0.174668 0.043336 0.130069
0 0.402012 0.407964 0.048470 0.195333
0 0.224045 0.344701 0.035308 0.168960
0 0.651509 0.400889 0.045940 0.137995
0 0.685134 0.536665 0.050873 0.213672
0 0.507596 0.335786 0.038076 0.150217
0 0.535520 0.384347 0.039176 0.152826
2 0.657885 0.235147 0.026173 0.053290
0 0.602204 0.695709 0.055631 0.235282
0 0.249860 0.581414 0.091101 0.195472
0 0.684103 0.398555 0.051081 0.150795
0 0.525689 0.265682 0.034511 0.127744
0 0.296110 0.583950 0.042700 0.284945
0 0.258382 0.567936 0.107040 0.260625
