0 0.572159 0.618703 0.076896 0.213042
0 0.646149 0.450300 0.051601 0.206845
3 0.230293 0.191362 0.044636 0.147498
0 0.605480 0.381399 0.042396 0.190683
0 0.179376 0.676631 0.056035 0.299526
0 0.089190 0.723187 0.052173 0.246531
0 0.703631 0.660310 0.052832 0.265666
0 0.821647 0.383880 0.053674 0.199753
0 0.430473 0.409642 0.045520 0.196611
0 0.340497 0.502259 0.043065 0.213635
0 0.399936 0.293369 0.039649 0.170337
2 0.258239 0.258020 0.029880 0.070514
1 0.674760 0.642208 0.020956 0.034192
0 0.021851 0.584542 0.042969 0.263458
