0 0.100763 0.676556 0.065815 0.215977
0 0.413447 0.555187 0.067994 0.152708
0 0.735288 0.608307 0.052325 0.214777
0 0.301951 0.514326 0.038944 0.170022
0 0.567468 0.681538 0.058897 0.206978
0 0.352583 0.565686 0.038678 0.161195
0 0.216161 0.646862 0.073265 0.211556
0 0.178555 0.525581 0.030994 0.175931
0 0.508818 0.649174 0.068724 0.194553
2 0.600976 0.344283 0.022418 0.051015
0 0.492926 0.657165 0.111676 0.208502
0 0.483717 0.693725 0.095817 0.197678
0 0.260666 0.506124 0.030781 0.193338
3 0.627432 0.295333 0.029552 0.102195
