0 0.111073 0.584736 0.077826 0.226643
0 0.824913 0.722636 0.074741 0.270591
0 0.401680 0.495270 0.054021 0.169085
0 0.709659 0.635422 0.054850 0.239944
3 0.782568 0.275747 0.050247 0.147971
0 0.215325 0.761721 0.045137 0.242692
1 0.079170 0.553343 0.015346 0.031658
0 0.355570 0.702312 0.051243 0.248768
2 0.756595 0.345605 0.027734 0.064867
0 0.183340 0.570257 0.051220 0.201604
0 0.200952 0.569701 0.083069 0.210407
0 0.355751 0.645427 0.051909 0.361772
0 0.215471 0.568796 0.054400 0.210101
0 0.357227 0.587460 0.047254 0.264079
