0 0.862915 0.532539 0.038804 0.179776
0 0.558984 0.703182 0.040748 0.276142
0 0.460382 0.775853 0.041074 0.249709
0 0.365476 0.564327 0.036018 0.175844
0 0.138275 0.655051 0.057358 0.190676
0 0.164331 0.501274 0.031163 0.165785
0 0.676753 0.523570 0.033998 0.162346
0 0.783709 0.445042 0.029230 0.119360
0 0.468607 0.697445 0.043267 0.242158
2 0.510899 0.333802 0.020425 0.050255
0 0.392827 0.508431 0.024751 0.156918
0 0.731252 0.457465 0.030741 0.097790
0 0.561904 0.626123 0.040880 0.232731
0 0.985456 0.595304 0.028640 0.270840
0 0.011136 0.752178 0.022255 0.368928
