0 0.609133 0.785568 0.062519 0.233739
0 0.302612 0.493706 0.063616 0.229235
0 0.166678 0.661389 0.076278 0.290163
0 0.542019 0.630384 0.073679 0.206093
0 0.425115 0.395658 0.046961 0.228531
0 0.480793 0.657813 0.071631 0.257756
0 0.062405 0.397491 0.058500 0.230449
3 0.704257 0.121851 0.045013 0.144163
0 0.359369 0.677844 0.088373 0.281383
2 0.676094 0.208250 0.031731 0.070505
0 0.428794 0.234252 0.027242 0.145320
0 0.447008 0.308490 0.034846 0.208460
0 0.511344 0.303869 0.035418 0.216243
0 0.208192 0.250453 0.045203 0.223435
