3 0.182622 0.262374 0.048827 0.139835
0 0.359650 0.493031 0.056348 0.176854
0 0.468140 0.591977 0.058426 0.206306
0 0.932221 0.459391 0.046777 0.191240
0 0.899272 0.460890 0.039794 0.176994
0 0.365150 0.671320 0.058376 0.222535
0 0.303513 0.565262 0.052285 0.200255
2 0.207756 0.325300 0.026876 0.059667
0 0.555190 0.407810 0.044183 0.184486
0 0.263989 0.556064 0.064617 0.212157
0 0.635427 0.511695 0.032782 0.135845
0 0.657574 0.649963 0.035638 0.233969
2 0.272065 0.339627 0.023756 0.054661
0 0.635131 0.544451 0.036234 0.202511
