3 0.354125 0.158029 0.046390 0.132206
0 0.563234 0.602976 0.069295 0.230268
0 0.482065 0.363285 0.042629 0.192936
0 0.702720 0.575106 0.068198 0.195652
0 0.632543 0.567489 0.055304 0.208946
0 0.811160 0.481188 0.045689 0.216680
0 0.509884 0.436727 0.044476 0.146971
0 0.607520 0.375007 0.040040 0.173530
0 0.510900 0.587809 0.055625 0.203634
2 0.374964 0.219079 0.025306 0.051758
0 0.607410 0.349623 0.038407 0.126263
1 0.804398 0.468874 0.018855 0.031441
0 0.506593 0.285601 0.033910 0.156689
0 0.619192 0.331712 0.034270 0.130121
0 0.618413 0.306466 0.031569 0.181139
