3 0.321514 0.271878 0.052436 0.182459
0 0.662880 0.437684 0.044102 0.218992
0 0.586056 0.582016 0.047921 0.251393
0 0.541516 0.668190 0.088316 0.253964
0 0.428889 0.753962 0.057758 0.252891
0 0.385498 0.844193 0.079565 0.263515
3 0.016897 0.295452 0.033670 0.139151
0 0.409972 0.388932 0.032831 0.216918
0 0.459987 0.605535 0.075768 0.234509
1 0.348935 0.573343 0.017239 0.036574
0 0.467390 0.600059 0.058086 0.213777
2 0.351485 0.336201 0.036255 0.046225
0 0.978088 0.666006 0.043672 0.356289
0 0.458939 0.903205 0.060146 0.193589
2 0.354930 0.333358 0.031351 0.036786
