0 0.245867 0.523339 0.054360 0.167449
0 0.315146 0.601625 0.039829 0.198362
0 0.493056 0.824790 0.066428 0.303783
0 0.860599 0.518380 0.033891 0.178737
0 0.153583 0.680085 0.047201 0.260938
0 0.512757 0.554306 0.042714 0.172072
0 0.966957 0.559256 0.027697 0.176047
2 0.510528 0.340993 0.022283 0.049506
0 0.724126 0.549467 0.031179 0.166147
0 0.734785 0.486022 0.027331 0.129925
0 0.514655 0.720324 0.049324 0.183987
0 0.147790 0.504754 0.035145 0.143996
0 0.006142 0.715853 0.012190 0.242841
0 0.525319 0.512285 0.024514 0.109169
