3 0.286625 0.259162 0.036796 0.121998
0 0.611328 0.683076 0.046209 0.222776
0 0.826914 0.601764 0.051823 0.209731
0 0.470360 0.484348 0.033748 0.190444
0 0.428007 0.571999 0.037760 0.201000
0 0.347748 0.545835 0.042190 0.210742
0 0.588937 0.432193 0.040455 0.154822
0 0.416122 0.414183 0.033899 0.161729
2 0.307268 0.312697 0.021981 0.048492
0 0.809891 0.602216 0.091249 0.217828
0 0.957177 0.505231 0.034332 0.215882
0 0.328055 0.528960 0.031101 0.197322
0 0.109840 0.576620 0.034117 0.203318
1 0.406764 0.435599 0.011627 0.026956
