0 0.273289 0.552620 0.040834 0.228650
0 0.082515 0.709565 0.058596 0.230139
0 0.618266 0.603310 0.051280 0.261363
0 0.206486 0.668134 0.064264 0.323710
0 0.358773 0.570179 0.048198 0.227370
0 0.565075 0.702479 0.051867 0.313801
2 0.694852 0.344596 0.031992 0.065255
0 0.507732 0.560467 0.036768 0.252095
0 0.539078 0.572562 0.039970 0.249813
0 0.794712 0.560405 0.037904 0.245287
1 0.424424 0.019619 0.020458 0.034804
0 0.388341 0.543792 0.025801 0.206452
0 0.139400 0.565260 0.053116 0.252448
0 0.831539 0.557467 0.050957 0.236325
