0 0.296465 0.458229 0.038945 0.108028
3 0.849962 0.290520 0.030210 0.089477
0 0.675850 0.503500 0.036791 0.108092
0 0.591296 0.365477 0.025436 0.136809
0 0.267257 0.417639 0.024316 0.111749
0 0.486409 0.454690 0.023253 0.101429
0 0.197898 0.404306 0.031162 0.137940
0 0.743967 0.382380 0.019908 0.138491
0 0.337624 0.451779 0.027959 0.132032
0 0.558930 0.358271 0.018400 0.142226
0 0.370224 0.451503 0.027273 0.116719
0 0.587803 0.356605 0.026706 0.150615
0 0.714695 0.395460 0.017845 0.125891
0 0.562642 0.357007 0.022962 0.144213
