0 0.859392 0.516628 0.036091 0.161328
0 0.683571 0.549782 0.050424 0.155033
0 0.297130 0.626703 0.052430 0.189894
0 0.483491 0.804362 0.059314 0.286076
0 0.507483 0.713886 0.045360 0.207625
0 0.965517 0.558385 0.025208 0.173491
0 0.177733 0.702187 0.050748 0.246783
0 0.235403 0.533320 0.035738 0.156746
0 0.144297 0.519792 0.035146 0.174797
2 0.510773 0.340773 0.022090 0.049123
0 0.273334 0.472224 0.028792 0.144957
0 0.502904 0.556851 0.054326 0.192236
0 0.197187 0.444272 0.017413 0.091245
0 0.735246 0.470220 0.035531 0.100380
