0 0.525868 0.723146 0.053531 0.167604
0 0.492734 0.796842 0.058505 0.277290
0 0.717282 0.531669 0.040178 0.155591
0 0.149539 0.632040 0.039742 0.228209
0 0.570944 0.594160 0.038937 0.212080
0 0.307705 0.589668 0.034546 0.177871
0 0.870187 0.514343 0.034661 0.168515
2 0.511416 0.334412 0.019683 0.048847
0 0.966154 0.560010 0.027424 0.195885
0 0.302363 0.520886 0.035648 0.155305
0 0.141532 0.497533 0.037343 0.123752
0 0.015183 0.731618 0.030366 0.307547
0 0.732192 0.479642 0.026844 0.130901
0 0.784802 0.445527 0.028067 0.117332
0 0.861647 0.514791 0.025046 0.161407
