0 0.901891 0.667676 0.073979 0.218786
0 0.560939 0.441478 0.040464 0.188602
0 0.631258 0.668922 0.089333 0.250979
0 0.256989 0.831672 0.069026 0.253012
0 0.321925 0.727352 0.073223 0.245862
2 0.332216 0.372399 0.031924 0.072484
3 0.301923 0.295802 0.049075 0.171013
0 0.975739 0.633795 0.048522 0.185002
3 0.018102 0.312098 0.036068 0.138976
0 0.484651 0.563698 0.060100 0.221470
0 0.439906 0.556307 0.068443 0.215176
1 0.931976 0.625922 0.012941 0.026472
0 0.608626 0.576869 0.042264 0.230532
0 0.424497 0.891486 0.060489 0.214634
