0 0.961956 0.714610 0.057456 0.286231
0 0.527521 0.485733 0.086004 0.247380
3 0.896480 0.113834 0.056511 0.179560
0 0.848397 0.589695 0.055376 0.211876
0 0.642766 0.227019 0.045905 0.198412
0 0.382718 0.288493 0.042653 0.197540
0 0.280074 0.510277 0.065706 0.196912
0 0.690520 0.325923 0.045569 0.202916
0 0.508292 0.318999 0.033185 0.150307
0 0.100188 0.495898 0.049634 0.241819
2 0.867228 0.199618 0.035167 0.078482
0 0.471473 0.485288 0.059708 0.262931
1 0.113147 0.478665 0.015457 0.030810
0 0.151710 0.293063 0.039394 0.193455
