0 0.100079 0.732732 0.064394 0.232863
3 0.243910 0.188159 0.044799 0.148533
0 0.194837 0.694395 0.050631 0.292221
0 0.426267 0.407912 0.059605 0.198180
0 0.549165 0.614253 0.081178 0.232107
0 0.845364 0.385826 0.053223 0.201794
0 0.351370 0.465684 0.048954 0.228029
2 0.271262 0.256086 0.028487 0.066866
0 0.408505 0.288091 0.037873 0.157219
0 0.648439 0.412668 0.044643 0.197575
0 0.667152 0.449428 0.039998 0.202037
0 0.660745 0.696820 0.054679 0.266600
1 0.635358 0.682385 0.020857 0.034419
1 0.047606 0.479288 0.017287 0.038365
