0 0.846075 0.546494 0.041357 0.178065
0 0.395491 0.561112 0.060828 0.186167
0 0.163038 0.509124 0.041885 0.168989
0 0.454141 0.806591 0.042556 0.279794
0 0.550287 0.719270 0.044279 0.284519
0 0.548025 0.554235 0.051351 0.140296
0 0.662345 0.524833 0.029277 0.158981
0 0.468510 0.702647 0.044287 0.240711
0 0.157806 0.643394 0.039138 0.221330
2 0.511203 0.332870 0.019875 0.050759
0 0.731313 0.457509 0.030862 0.097143
0 0.984419 0.589990 0.029902 0.247417
0 0.405697 0.464496 0.024185 0.093863
0 0.784063 0.444380 0.029868 0.118525
