0 0.208399 0.633517 0.061322 0.338023
0 0.824299 0.559674 0.068238 0.232428
0 0.779833 0.554998 0.044477 0.256571
1 0.256210 0.323086 0.019759 0.046803
0 0.501427 0.556065 0.044999 0.251121
0 0.622319 0.602737 0.041704 0.269330
0 0.558568 0.715815 0.052911 0.289806
2 0.695751 0.344140 0.031967 0.066138
0 0.278619 0.552690 0.044835 0.215639
0 0.347079 0.569156 0.053063 0.223119
0 0.248487 0.581048 0.041981 0.335056
0 0.549683 0.578871 0.065166 0.281295
0 0.386244 0.536888 0.030390 0.200782
0 0.130272 0.564231 0.060578 0.257189
