0 0.299437 0.622357 0.048643 0.197520
0 0.859879 0.515033 0.039820 0.161709
0 0.485816 0.804228 0.064175 0.290167
0 0.510650 0.714518 0.056355 0.188577
0 0.497033 0.544917 0.047569 0.184177
0 0.149191 0.516634 0.034611 0.174061
0 0.692709 0.547683 0.046387 0.159254
0 0.175825 0.702518 0.057170 0.258664
2 0.510520 0.340558 0.021974 0.048512
0 0.964710 0.555628 0.027133 0.172075
0 0.232230 0.533486 0.036798 0.166028
0 0.482853 0.521230 0.032309 0.136474
0 0.738473 0.476758 0.035751 0.114569
0 0.266151 0.471948 0.029992 0.149686
