0 0.580782 0.635793 0.051487 0.196095
0 0.420222 0.617112 0.042645 0.215779
0 0.056656 0.680355 0.054579 0.288266
0 0.805660 0.645540 0.059373 0.222865
0 0.091618 0.719779 0.055678 0.256315
0 0.726095 0.647787 0.035964 0.215488
0 0.754903 0.697517 0.064854 0.275313
2 0.816141 0.427828 0.027996 0.050854
0 0.950165 0.665709 0.047812 0.202124
0 0.982304 0.733443 0.035392 0.340968
1 0.843383 0.704992 0.016135 0.032670
0 0.922125 0.652838 0.040490 0.168000
0 0.922370 0.660121 0.053589 0.185562
0 0.605233 0.585942 0.040393 0.179287
