0 0.630434 0.748808 0.088438 0.239920
0 0.540349 0.683335 0.088900 0.221401
3 0.209297 0.173427 0.049185 0.157590
0 0.326730 0.549992 0.052624 0.227155
0 0.646221 0.474025 0.044553 0.201325
0 0.362345 0.300343 0.041498 0.182546
0 0.856271 0.465203 0.053427 0.205058
0 0.566995 0.360056 0.054084 0.152832
0 0.365466 0.563263 0.050806 0.245890
0 0.328575 0.405222 0.045758 0.205284
1 0.834642 0.464859 0.015585 0.031233
0 0.542384 0.389449 0.046647 0.194743
2 0.239357 0.243765 0.032996 0.063650
1 0.378070 0.323639 0.010854 0.028030
0 0.535360 0.357081 0.037063 0.118430
