0 0.621031 0.495862 0.051360 0.134028
3 0.822604 0.297982 0.029187 0.082285
0 0.391860 0.450318 0.033219 0.096452
0 0.708217 0.421194 0.023164 0.148201
0 0.098904 0.448788 0.034563 0.113556
0 0.664853 0.437925 0.021398 0.114354
0 0.465415 0.392789 0.023857 0.093441
0 0.049629 0.416465 0.027961 0.117972
0 0.343212 0.447356 0.026876 0.110473
0 0.514427 0.385485 0.017822 0.132807
0 0.164496 0.433431 0.035448 0.133624
0 0.331829 0.447529 0.021952 0.109906
2 0.853590 0.325865 0.019524 0.031128
0 0.682036 0.397792 0.021008 0.135943
