3 0.717449 0.195461 0.044552 0.142300
0 0.418183 0.384879 0.054488 0.190370
0 0.564411 0.334440 0.064868 0.154556
0 0.231355 0.665238 0.054851 0.241745
0 0.639953 0.609184 0.066212 0.207923
0 0.693130 0.618457 0.053856 0.197524
2 0.691266 0.262432 0.026836 0.058476
0 0.613997 0.396611 0.036807 0.183062
0 0.182185 0.656482 0.066588 0.189164
0 0.561585 0.679526 0.049315 0.241768
0 0.519285 0.646865 0.055983 0.197497
0 0.441702 0.290465 0.033494 0.162767
0 0.475488 0.367861 0.033593 0.140336
0 0.577764 0.273687 0.028597 0.134584
