0 0.323502 0.586641 0.051322 0.184335
0 0.516694 0.719632 0.071753 0.179285
0 0.489372 0.806262 0.058847 0.238090
0 0.132308 0.619220 0.042061 0.218064
0 0.148757 0.510670 0.036703 0.180740
0 0.707844 0.528062 0.036987 0.151038
0 0.363470 0.524512 0.034619 0.163469
0 0.870851 0.515401 0.028578 0.166443
0 0.583862 0.642772 0.048848 0.240055
0 0.602790 0.635950 0.042722 0.240520
2 0.511527 0.334118 0.019857 0.048395
0 0.784795 0.445309 0.029088 0.115743
0 0.879155 0.513682 0.023949 0.165552
0 0.009759 0.794740 0.019497 0.275555
0 0.732209 0.466338 0.028594 0.100791
1 0.469493 0.764793 0.015616 0.037621
