3 0.174186 0.208706 0.050753 0.128279
0 0.937283 0.650029 0.073293 0.255897
0 0.750767 0.620915 0.052988 0.214934
0 0.635064 0.374473 0.043660 0.164267
1 0.526163 0.729084 0.016325 0.036183
0 0.603388 0.734638 0.057677 0.167195
2 0.195759 0.262063 0.023050 0.048466
0 0.558567 0.671224 0.052899 0.209159
0 0.521064 0.630781 0.049408 0.173610
0 0.772545 0.409612 0.039740 0.156369
0 0.502013 0.429897 0.037244 0.168627
0 0.397612 0.334575 0.045963 0.156118
0 0.359222 0.355721 0.030873 0.127856
0 0.481016 0.453675 0.043922 0.176122
