0 0.219542 0.653615 0.083076 0.195026
0 0.735471 0.587047 0.048377 0.191016
0 0.107330 0.676037 0.068595 0.212165
0 0.178276 0.524587 0.029965 0.174073
0 0.302450 0.515393 0.037322 0.169520
0 0.354514 0.565635 0.030811 0.164684
0 0.442323 0.546882 0.037482 0.146237
2 0.601034 0.344115 0.022682 0.051159
0 0.260261 0.511154 0.028962 0.165817
0 0.457379 0.698718 0.097374 0.185097
0 0.130357 0.541329 0.046364 0.207991
0 0.234720 0.479266 0.020774 0.158842
0 0.535043 0.676331 0.045254 0.209837
3 0.627740 0.294802 0.029310 0.101606
