0 0.857827 0.723994 0.061573 0.199326
0 0.761095 0.551357 0.057665 0.178246
0 0.354687 0.552277 0.047434 0.163898
0 0.496545 0.458330 0.048274 0.142854
0 0.772108 0.634331 0.038074 0.185568
0 0.199035 0.543875 0.040311 0.174221
3 0.741324 0.274767 0.041016 0.109237
0 0.571894 0.429183 0.055801 0.192195
2 0.720537 0.325431 0.021862 0.051058
0 0.861915 0.568811 0.034099 0.163038
0 0.544137 0.341221 0.026616 0.126464
1 0.557173 0.482153 0.013579 0.026695
0 0.869899 0.569610 0.052152 0.164646
3 0.989419 0.254804 0.021086 0.104156
