0 0.253318 0.538549 0.059906 0.157850
0 0.575745 0.524708 0.053312 0.230145
0 0.677651 0.546476 0.047761 0.157857
0 0.485219 0.538583 0.039974 0.206712
0 0.520991 0.698076 0.043794 0.224039
0 0.861123 0.516914 0.044820 0.146296
0 0.483009 0.792688 0.053828 0.271683
0 0.139346 0.519457 0.044865 0.175209
0 0.508795 0.537511 0.027198 0.122734
0 0.964372 0.534776 0.032208 0.134914
0 0.306519 0.639875 0.041156 0.190002
1 0.085871 0.842748 0.035799 0.038967
0 0.179617 0.703785 0.052822 0.258660
2 0.511494 0.337402 0.020971 0.048095
0 0.358940 0.698034 0.046554 0.239954
0 0.739833 0.554593 0.051120 0.244653
0 0.283155 0.459928 0.023509 0.121471
1 0.357392 0.599540 0.017909 0.035222
