0 0.491750 0.762910 0.086600 0.276739
3 0.699420 0.299687 0.046828 0.159200
0 0.305956 0.578538 0.070043 0.225720
0 0.379707 0.527259 0.056224 0.198632
0 0.200816 0.594532 0.060872 0.251492
0 0.633918 0.662523 0.052127 0.230543
0 0.677716 0.636904 0.059624 0.213292
0 0.307524 0.807229 0.090681 0.173973
0 0.590073 0.529517 0.041663 0.208911
2 0.671978 0.376156 0.030770 0.067795
0 0.638848 0.481932 0.029070 0.119637
3 0.728601 0.090426 0.053207 0.174858
0 0.342378 0.490599 0.038730 0.178955
0 0.231065 0.454980 0.041900 0.127113
