3 0.830884 0.208272 0.049840 0.129318
0 0.206207 0.530686 0.054066 0.164417
0 0.798075 0.684289 0.049535 0.227889
0 0.134647 0.505906 0.051529 0.190899
0 0.691438 0.582829 0.050940 0.227577
0 0.447808 0.364642 0.049456 0.164895
0 0.689742 0.361387 0.039748 0.170076
0 0.658029 0.406659 0.048318 0.126231
1 0.105421 0.493486 0.014077 0.031156
0 0.497463 0.395012 0.049488 0.176143
0 0.752308 0.551951 0.046783 0.247243
2 0.805282 0.264084 0.025990 0.046486
0 0.748004 0.270366 0.029014 0.150122
0 0.464020 0.337742 0.032402 0.123984
