0 0.195067 0.701313 0.067899 0.297212
0 0.101147 0.736829 0.066213 0.235160
0 0.428391 0.410643 0.058029 0.198935
0 0.553452 0.612261 0.073554 0.236964
0 0.677749 0.458377 0.048385 0.213646
0 0.849746 0.385240 0.058240 0.201081
2 0.276638 0.254360 0.029370 0.069766
3 0.248758 0.182387 0.040242 0.147234
0 0.356536 0.448863 0.038600 0.216863
0 0.660621 0.711916 0.055891 0.268126
1 0.635549 0.696724 0.019090 0.034872
0 0.664991 0.421315 0.036548 0.210881
0 0.413200 0.285533 0.044124 0.155911
1 0.053235 0.475886 0.017338 0.034089
