3 0.735365 0.138773 0.046390 0.165666
0 0.435242 0.711411 0.086824 0.235581
0 0.647260 0.643804 0.066421 0.206914
0 0.241540 0.679467 0.094492 0.223150
0 0.372258 0.760610 0.063417 0.212233
0 0.465975 0.337916 0.051440 0.202903
2 0.707192 0.217996 0.029470 0.065882
0 0.674176 0.429604 0.046648 0.245144
0 0.604909 0.662246 0.047304 0.197022
0 0.143180 0.722053 0.075304 0.312007
0 0.151938 0.676958 0.053924 0.221312
0 0.146726 0.808559 0.057364 0.143788
0 0.422678 0.283446 0.037455 0.168367
0 0.684529 0.375612 0.038017 0.207699
