0 0.645185 0.412283 0.047333 0.203965
0 0.598555 0.644357 0.054807 0.222972
0 0.237371 0.446512 0.041838 0.212063
0 0.825419 0.589737 0.051617 0.242026
0 0.405725 0.200027 0.031557 0.167897
0 0.192376 0.471127 0.055967 0.231529
0 0.736918 0.585857 0.047046 0.230902
3 0.237755 0.098759 0.038933 0.132055
0 0.544975 0.381097 0.068012 0.202801
0 0.362366 0.274898 0.043831 0.128961
1 0.507942 0.477844 0.013291 0.029605
2 0.261992 0.155760 0.024484 0.051540
0 0.362711 0.606707 0.059440 0.231405
0 0.358788 0.638905 0.048217 0.186874
