0 0.280152 0.447156 0.058791 0.168567
0 0.203012 0.621788 0.074023 0.201425
0 0.590323 0.741281 0.061667 0.203425
0 0.547601 0.296324 0.041232 0.144615
0 0.445410 0.525307 0.063502 0.217606
0 0.634281 0.413271 0.038935 0.190726
0 0.626773 0.631999 0.064105 0.218740
0 0.133341 0.623664 0.057866 0.282235
2 0.714674 0.262008 0.028846 0.056940
3 0.740715 0.195201 0.054714 0.142941
0 0.481413 0.488090 0.033484 0.208450
0 0.205064 0.368792 0.040510 0.146531
0 0.183732 0.286365 0.032962 0.148106
0 0.210987 0.363664 0.033575 0.148500
