0 0.574543 0.612252 0.072656 0.213903
0 0.629919 0.441372 0.054773 0.190615
0 0.721045 0.660768 0.064391 0.258789
0 0.586293 0.368034 0.045114 0.195150
0 0.080035 0.714952 0.058251 0.254546
3 0.226247 0.187604 0.042298 0.142384
0 0.178546 0.630128 0.050614 0.241528
0 0.397828 0.294591 0.041107 0.166411
0 0.429067 0.409284 0.051122 0.195216
0 0.337853 0.500469 0.044544 0.222951
2 0.254415 0.255861 0.029255 0.067996
1 0.692157 0.639607 0.018160 0.034048
0 0.808356 0.378068 0.061276 0.203439
0 0.019170 0.584192 0.038322 0.264425
