0 0.722796 0.649793 0.056564 0.209674
0 0.708245 0.490269 0.049149 0.191454
0 0.593778 0.375220 0.054225 0.162706
0 0.588393 0.529808 0.050676 0.200513
0 0.250005 0.441197 0.037753 0.189706
0 0.839965 0.406634 0.046628 0.188887
0 0.089159 0.636933 0.053784 0.283084
0 0.174889 0.588545 0.047970 0.228453
0 0.550754 0.572472 0.061325 0.234952
2 0.805681 0.314661 0.024442 0.037125
0 0.656141 0.782628 0.054551 0.289053
0 0.054542 0.410537 0.044224 0.244338
0 0.278982 0.423566 0.048527 0.138614
2 0.816186 0.312752 0.019191 0.030829
