0 0.165430 0.506704 0.039574 0.159342
0 0.857733 0.532058 0.036353 0.191440
0 0.146115 0.651732 0.057591 0.197080
0 0.381035 0.562867 0.040421 0.181912
0 0.552938 0.556560 0.048772 0.124611
0 0.455497 0.786472 0.037086 0.245497
0 0.553393 0.715330 0.047261 0.276977
0 0.468689 0.700474 0.046129 0.241922
0 0.673753 0.523823 0.036690 0.157611
2 0.511422 0.334011 0.020127 0.050466
0 0.784317 0.443307 0.029434 0.119633
0 0.731559 0.459771 0.031465 0.100388
0 0.553658 0.583176 0.047391 0.182889
0 0.984936 0.599035 0.029539 0.262656
0 0.401857 0.498951 0.033508 0.175379
