0 0.261496 0.628021 0.062459 0.216698
3 0.199243 0.121031 0.040585 0.132661
0 0.145766 0.495035 0.044802 0.245743
0 0.628021 0.533608 0.058693 0.221094
0 0.699451 0.409032 0.050457 0.186085
0 0.226913 0.439283 0.043131 0.216154
0 0.348046 0.270914 0.051179 0.149449
0 0.365384 0.222335 0.030191 0.164520
0 0.279796 0.542637 0.035631 0.195216
0 0.542144 0.665355 0.049694 0.208295
0 0.557391 0.449563 0.034766 0.204813
0 0.599366 0.384807 0.036539 0.157835
2 0.224171 0.178352 0.025648 0.050258
0 0.597819 0.412352 0.036702 0.112974
