3 0.156703 0.190941 0.046365 0.148984
0 0.216969 0.597762 0.088769 0.201361
0 0.778955 0.431822 0.048431 0.194357
0 0.096246 0.515865 0.046979 0.213822
0 0.260832 0.476935 0.053040 0.185920
0 0.901760 0.446456 0.053412 0.177343
0 0.297602 0.399695 0.037834 0.179587
0 0.265253 0.351508 0.034159 0.160324
0 0.585547 0.389839 0.033470 0.182615
0 0.108399 0.677117 0.056086 0.238485
2 0.182790 0.257031 0.026153 0.055160
1 0.922226 0.449632 0.016062 0.030446
0 0.510270 0.318819 0.054753 0.168842
0 0.504226 0.310229 0.041674 0.172423
