0 0.386373 0.402964 0.060851 0.180047
0 0.519403 0.801403 0.115227 0.277137
0 0.417814 0.766210 0.073829 0.236129
0 0.223832 0.495388 0.051178 0.238062
0 0.470834 0.324841 0.056232 0.192100
0 0.164968 0.407351 0.046548 0.225263
3 0.098734 0.196479 0.048093 0.159587
0 0.302549 0.561632 0.048287 0.241932
1 0.877726 0.595971 0.019617 0.040756
0 0.822901 0.600017 0.096381 0.230601
0 0.276552 0.591123 0.044779 0.262778
2 0.128584 0.265574 0.029740 0.060248
0 0.798279 0.595748 0.057223 0.232264
1 0.811734 0.642496 0.013066 0.027747
