0 0.894847 0.646239 0.046502 0.240962
0 0.735427 0.538308 0.046529 0.199933
0 0.117837 0.491747 0.055154 0.176611
3 0.765391 0.190345 0.043316 0.135557
0 0.689083 0.698054 0.045307 0.186813
0 0.547602 0.352316 0.042853 0.158694
0 0.168131 0.499087 0.051309 0.178775
0 0.378095 0.402924 0.039523 0.187772
0 0.604713 0.289307 0.031143 0.135809
2 0.742273 0.243985 0.024295 0.052046
1 0.091168 0.479493 0.013296 0.025917
0 0.726618 0.370571 0.026971 0.173005
0 0.738515 0.343573 0.031500 0.147880
0 0.190017 0.321439 0.037926 0.154669
0 0.362204 0.318846 0.033269 0.137279
