0 0.553097 0.569753 0.076930 0.256403
0 0.614635 0.456826 0.075985 0.233553
0 0.384626 0.519976 0.066584 0.242837
0 0.290048 0.494746 0.064512 0.267983
0 0.887559 0.552504 0.065934 0.261492
0 0.686568 0.433569 0.066825 0.230438
0 0.148844 0.512895 0.063486 0.288501
2 0.088853 0.164985 0.032530 0.071653
3 0.055147 0.086805 0.061932 0.167383
0 0.373486 0.395280 0.044580 0.237733
0 0.703341 0.398604 0.044145 0.218384
0 0.395862 0.414470 0.043933 0.206674
0 0.403572 0.435300 0.052754 0.202957
0 0.405681 0.462708 0.051390 0.146982
