0 0.498325 0.490259 0.060971 0.191912
0 0.674154 0.533425 0.049247 0.214569
0 0.708038 0.603449 0.053895 0.214304
0 0.569952 0.684574 0.049225 0.242750
3 0.212990 0.254961 0.044955 0.134072
0 0.242616 0.592022 0.065170 0.205838
0 0.312706 0.717180 0.052020 0.119928
2 0.237444 0.310572 0.022093 0.049794
0 0.465790 0.644810 0.035873 0.213496
0 0.784789 0.445320 0.069618 0.139484
0 0.595818 0.431846 0.036738 0.154851
1 0.775188 0.489279 0.013046 0.031470
0 0.274712 0.531425 0.034407 0.188788
0 0.617648 0.348769 0.041797 0.130554
