0 0.516701 0.664933 0.060839 0.219578
0 0.410319 0.393170 0.052230 0.183918
0 0.651380 0.596020 0.054258 0.210212
0 0.607529 0.403543 0.045325 0.174473
2 0.683037 0.267930 0.026410 0.057124
3 0.708923 0.197692 0.043604 0.138743
0 0.177514 0.672891 0.084770 0.167763
0 0.700795 0.601398 0.066402 0.209838
0 0.307361 0.761732 0.065113 0.157761
0 0.529484 0.335736 0.042846 0.147142
0 0.564607 0.688224 0.052113 0.220250
0 0.217203 0.657834 0.043431 0.243081
0 0.479462 0.359631 0.038863 0.171859
0 0.566803 0.286897 0.031315 0.169882
1 0.154610 0.629608 0.015254 0.031599
