0 0.640044 0.433590 0.043124 0.205534
0 0.557136 0.657798 0.086062 0.262125
0 0.969990 0.690169 0.060020 0.265442
3 0.319336 0.283828 0.050566 0.171489
0 0.408315 0.393137 0.037520 0.214481
0 0.397295 0.743077 0.052772 0.260835
0 0.356477 0.848647 0.072214 0.256229
0 0.589002 0.571686 0.045164 0.242842
0 0.454777 0.899614 0.059732 0.200771
0 0.979879 0.519791 0.039412 0.151304
0 0.456270 0.603136 0.050820 0.270371
2 0.349252 0.347267 0.036462 0.053650
3 0.019392 0.298643 0.038373 0.132679
0 0.373592 0.430970 0.040514 0.139150
1 0.343276 0.451750 0.014279 0.038469
