0 0.766670 0.664608 0.056404 0.197167
0 0.628274 0.379610 0.050796 0.177526
0 0.705215 0.495279 0.072957 0.204737
0 0.475076 0.605923 0.069278 0.232982
2 0.811242 0.343376 0.032398 0.067471
0 0.550336 0.520649 0.050240 0.181305
0 0.200020 0.607725 0.050112 0.230568
0 0.292026 0.453211 0.040708 0.210636
0 0.060429 0.430459 0.042591 0.234270
0 0.043414 0.628236 0.061955 0.223474
0 0.158780 0.640853 0.055937 0.259100
3 0.840505 0.271241 0.052784 0.174993
0 0.983160 0.386501 0.033681 0.131290
3 0.843599 0.237415 0.049720 0.106235
