3 0.772916 0.174659 0.045333 0.150696
0 0.500846 0.350972 0.051822 0.181733
0 0.523355 0.699377 0.062159 0.196979
0 0.625849 0.656627 0.048330 0.221876
0 0.453971 0.307130 0.041234 0.165277
2 0.748068 0.245946 0.028883 0.062063
0 0.698445 0.422544 0.044744 0.202720
0 0.229831 0.767261 0.066928 0.161579
0 0.245213 0.676645 0.063276 0.227659
0 0.192795 0.709383 0.074051 0.239211
0 0.511042 0.673261 0.045394 0.223258
0 0.193688 0.676216 0.070995 0.170759
0 0.686502 0.348220 0.029483 0.154608
0 0.589956 0.670972 0.072965 0.206028
1 0.189022 0.697513 0.019693 0.045376
