0 0.560366 0.673675 0.054943 0.269010
0 0.331445 0.574616 0.041203 0.198036
0 0.383902 0.521617 0.042922 0.157633
0 0.702764 0.526017 0.046245 0.155545
0 0.599553 0.641778 0.060653 0.226473
0 0.869502 0.523202 0.033922 0.173201
0 0.126770 0.632133 0.041329 0.220944
0 0.783650 0.446923 0.027991 0.115985
2 0.511370 0.334536 0.019899 0.049453
0 0.161635 0.507499 0.026509 0.169927
0 0.476831 0.737598 0.055509 0.239982
0 0.733928 0.462376 0.028246 0.094583
1 0.488579 0.240966 0.013527 0.036819
0 0.009162 0.798204 0.018324 0.264314
0 0.984483 0.594971 0.029992 0.269049
