0 0.602775 0.702367 0.087212 0.210231
0 0.354046 0.574429 0.044463 0.179733
0 0.095892 0.636223 0.049062 0.214555
0 0.727105 0.628479 0.036177 0.212817
0 0.189809 0.611658 0.042908 0.206838
0 0.682255 0.698128 0.110113 0.195567
0 0.540303 0.625222 0.050388 0.185170
2 0.600812 0.343966 0.022756 0.051178
0 0.178295 0.518912 0.026797 0.161955
0 0.390579 0.536691 0.046237 0.159285
0 0.324010 0.514661 0.027817 0.164372
0 0.548387 0.629056 0.040102 0.185337
0 0.234720 0.478944 0.021484 0.159067
0 0.383730 0.539818 0.033649 0.161209
