3 0.797891 0.156463 0.049967 0.130413
0 0.356902 0.468945 0.043431 0.218271
0 0.438866 0.579692 0.049987 0.225009
0 0.132577 0.537879 0.062318 0.213593
0 0.447475 0.409311 0.053032 0.189149
2 0.772943 0.216184 0.024033 0.059648
0 0.780085 0.492089 0.052444 0.218292
0 0.649545 0.324027 0.035128 0.179510
0 0.608454 0.390164 0.042208 0.212582
1 0.158663 0.503995 0.016151 0.029807
0 0.320705 0.615052 0.045986 0.236416
0 0.679536 0.369960 0.033049 0.201819
0 0.859482 0.529290 0.041303 0.240992
3 0.760738 0.101348 0.027819 0.147026
