0 0.652374 0.561453 0.088625 0.256727
0 0.859179 0.508487 0.058719 0.218567
0 0.298523 0.309088 0.040177 0.187636
0 0.116165 0.629267 0.062727 0.247880
0 0.327869 0.376784 0.052568 0.215488
0 0.785695 0.449504 0.062270 0.221409
0 0.543097 0.558007 0.066501 0.243071
0 0.573680 0.455025 0.046245 0.192932
0 0.237794 0.807253 0.063836 0.249650
0 0.756124 0.481348 0.110268 0.180690
2 0.104945 0.254777 0.031327 0.073950
0 0.733859 0.480917 0.063619 0.180847
1 0.871318 0.511417 0.015987 0.038607
3 0.071494 0.180699 0.055101 0.175769
