0 0.320874 0.585204 0.051935 0.185124
0 0.519836 0.718329 0.065464 0.178311
0 0.492058 0.800364 0.054796 0.258488
0 0.709444 0.528326 0.036810 0.151284
0 0.351961 0.520363 0.034260 0.169434
0 0.139314 0.622096 0.047846 0.212355
0 0.586150 0.622365 0.053826 0.238837
0 0.973897 0.561918 0.033809 0.196090
0 0.868866 0.513773 0.031042 0.162897
0 0.018593 0.789050 0.037183 0.277629
0 0.784367 0.445203 0.028351 0.114722
2 0.511425 0.334071 0.019802 0.048527
0 0.143148 0.514478 0.036478 0.184424
0 0.875468 0.515776 0.028843 0.166331
1 0.007917 0.676971 0.015817 0.047023
0 0.731369 0.473946 0.029337 0.116253
