0 0.218182 0.531702 0.055885 0.172468
3 0.841726 0.214445 0.050642 0.128756
0 0.824389 0.687889 0.052559 0.219112
0 0.133929 0.517517 0.065635 0.179329
0 0.482434 0.404836 0.047734 0.173666
0 0.673420 0.392219 0.043338 0.141327
0 0.737997 0.543629 0.046415 0.226104
1 0.105629 0.517586 0.016323 0.031033
0 0.643785 0.598272 0.040167 0.236919
0 0.769297 0.600000 0.029466 0.220857
0 0.694318 0.350986 0.035710 0.156598
2 0.817337 0.270600 0.026792 0.047387
0 0.421735 0.391044 0.029984 0.160729
0 0.762092 0.270665 0.027504 0.144730
