0 0.462802 0.638771 0.074020 0.274471
0 0.736134 0.445427 0.064553 0.237997
2 0.357614 0.339636 0.036266 0.082412
3 0.325683 0.258045 0.056525 0.189655
1 0.390037 0.560066 0.017843 0.034032
0 0.552095 0.661560 0.058981 0.292082
0 0.414679 0.603318 0.068165 0.292079
0 0.578094 0.582442 0.047326 0.264446
3 0.012910 0.289306 0.025819 0.163231
0 0.468083 0.910634 0.076004 0.176992
0 0.507941 0.772364 0.057677 0.188413
0 0.511609 0.847698 0.060764 0.166540
0 0.417504 0.368866 0.033226 0.219615
0 0.510811 0.801919 0.060118 0.250475
3 0.493704 0.198689 0.042379 0.128223
