0 0.246250 0.670366 0.106434 0.217333
3 0.752654 0.152055 0.046104 0.153452
0 0.484759 0.346144 0.061088 0.188585
0 0.466826 0.711780 0.066718 0.244117
0 0.421402 0.744659 0.055616 0.218771
0 0.651947 0.632530 0.080626 0.205634
0 0.183796 0.792359 0.066655 0.155147
2 0.724045 0.227841 0.030025 0.065141
0 0.609117 0.691193 0.065961 0.254751
0 0.688342 0.422934 0.045005 0.235791
0 0.157632 0.736948 0.040214 0.255330
0 0.437184 0.283643 0.032314 0.174810
0 0.134190 0.732412 0.085515 0.251608
0 0.688115 0.306047 0.038120 0.099380
0 0.687553 0.334281 0.038093 0.150073
1 0.140557 0.720823 0.021712 0.041741
