0 0.888659 0.686204 0.055932 0.204424
0 0.273190 0.651856 0.062139 0.194069
0 0.399487 0.595762 0.055422 0.225746
0 0.724540 0.560541 0.044409 0.210034
0 0.333984 0.590283 0.046705 0.227382
0 0.604510 0.393394 0.037725 0.174278
3 0.724543 0.196320 0.052281 0.142677
0 0.536155 0.292389 0.048049 0.146385
2 0.698937 0.263584 0.028753 0.057523
0 0.320110 0.447044 0.045010 0.140021
0 0.252370 0.353866 0.037603 0.138272
1 0.102111 0.690380 0.015282 0.030826
0 0.083477 0.725910 0.050246 0.263367
0 0.167637 0.288531 0.034755 0.165794
