0 0.839747 0.608343 0.064982 0.239968
0 0.190444 0.473236 0.058667 0.227047
0 0.643377 0.395792 0.044676 0.185527
0 0.239756 0.446722 0.046912 0.211830
0 0.405829 0.200228 0.031830 0.167537
0 0.743281 0.595835 0.043014 0.239315
3 0.238520 0.101918 0.037711 0.128957
0 0.549410 0.372609 0.059663 0.180048
0 0.363213 0.275167 0.044150 0.128806
1 0.423363 0.551291 0.014984 0.030904
2 0.262337 0.156675 0.025382 0.052287
0 0.363096 0.640004 0.067848 0.189025
0 0.354305 0.592365 0.052851 0.224163
0 0.375443 0.639358 0.096271 0.191803
0 0.587487 0.657589 0.048580 0.206466
