0 0.685839 0.445982 0.059878 0.221576
2 0.356655 0.341914 0.036767 0.071834
0 0.581151 0.580346 0.047344 0.266863
0 0.538994 0.658290 0.069828 0.272301
0 0.422345 0.852034 0.050452 0.265210
3 0.325197 0.266379 0.056449 0.182351
0 0.477936 0.595989 0.046419 0.218193
0 0.465830 0.901860 0.059314 0.195624
0 0.443131 0.596854 0.071784 0.239134
3 0.013707 0.296595 0.027350 0.171359
0 0.411485 0.382810 0.032073 0.213261
0 0.456139 0.708273 0.041946 0.176534
0 0.446091 0.589033 0.053163 0.224752
0 0.447809 0.563623 0.044297 0.173636
1 0.354109 0.712421 0.018001 0.039834
