0 0.583587 0.491931 0.058801 0.201374
3 0.708362 0.187508 0.048646 0.151912
0 0.463717 0.532108 0.066420 0.226455
0 0.421840 0.458048 0.046355 0.153835
0 0.662271 0.418810 0.050241 0.192112
0 0.521910 0.324567 0.054815 0.157890
0 0.751939 0.705537 0.079241 0.175756
0 0.294581 0.445692 0.088340 0.154651
2 0.681475 0.252856 0.023565 0.052907
1 0.498899 0.467076 0.014135 0.027258
0 0.538365 0.390964 0.046837 0.128770
0 0.593925 0.734643 0.049187 0.208878
0 0.728579 0.605691 0.054375 0.168186
0 0.304287 0.438206 0.063028 0.139348
