0 0.391945 0.578359 0.064696 0.206567
3 0.359482 0.251073 0.043319 0.138032
0 0.831563 0.417261 0.051064 0.193362
2 0.382290 0.309049 0.022622 0.049928
0 0.455493 0.386227 0.028885 0.141917
0 0.742780 0.691164 0.051813 0.194052
0 0.488321 0.533009 0.039276 0.183661
0 0.390022 0.712550 0.050639 0.116594
3 0.673971 0.841914 0.070582 0.092170
0 0.428570 0.396861 0.027758 0.161379
0 0.522264 0.502816 0.033091 0.178197
0 0.400180 0.486887 0.036403 0.125902
0 0.524859 0.478445 0.033942 0.184086
0 0.525595 0.446557 0.034243 0.122362
