0 0.653056 0.400621 0.050457 0.185017
3 0.695518 0.172974 0.047799 0.128404
0 0.600896 0.484489 0.051592 0.189154
0 0.374522 0.610658 0.062200 0.224356
0 0.676389 0.541176 0.063409 0.181357
0 0.720101 0.488243 0.041751 0.210362
0 0.019070 0.560892 0.037993 0.254708
2 0.673660 0.235231 0.024669 0.057503
0 0.507891 0.426352 0.043267 0.227055
0 0.473866 0.479528 0.037834 0.220624
0 0.525963 0.390612 0.025824 0.192997
0 0.534635 0.353796 0.032586 0.162261
0 0.532827 0.377784 0.032777 0.208433
0 0.535878 0.333233 0.033020 0.120986
