3 0.286231 0.223190 0.048939 0.135593
0 0.641117 0.601931 0.056848 0.212300
0 0.508412 0.733783 0.057217 0.175812
0 0.474304 0.398862 0.038825 0.160224
0 0.558972 0.434155 0.036703 0.177176
0 0.409181 0.688917 0.080114 0.201524
0 0.524513 0.467597 0.045031 0.206985
0 0.868062 0.621728 0.065255 0.247284
0 0.658378 0.388438 0.063668 0.174024
1 0.369675 0.689123 0.017161 0.031134
2 0.305560 0.279029 0.022017 0.052075
0 0.815224 0.437510 0.039966 0.172724
0 0.502916 0.376244 0.036208 0.178809
0 0.670271 0.389344 0.043362 0.171522
0 0.451648 0.328622 0.030271 0.147809
