0 0.339803 0.551293 0.062761 0.232471
0 0.745185 0.510261 0.080276 0.190205
0 0.411236 0.709265 0.046541 0.244224
0 0.871672 0.517150 0.082355 0.190219
3 0.270302 0.195939 0.044841 0.146126
0 0.207755 0.634523 0.067623 0.266617
0 0.398346 0.375068 0.038186 0.201303
0 0.444609 0.581712 0.038548 0.200155
1 0.868988 0.583265 0.014622 0.034443
2 0.296142 0.261663 0.027621 0.059863
0 0.654376 0.398551 0.045041 0.191561
0 0.451467 0.365771 0.034756 0.087083
0 0.452833 0.346396 0.036188 0.127967
0 0.739574 0.376416 0.027039 0.120605
