3 0.211697 0.163899 0.050999 0.158663
0 0.529179 0.710135 0.063634 0.252527
0 0.411235 0.365890 0.048763 0.174983
0 0.820851 0.498316 0.048706 0.237907
0 0.283188 0.428146 0.056937 0.209101
0 0.644849 0.540427 0.062984 0.239424
2 0.241335 0.236575 0.029278 0.066451
0 0.267970 0.370319 0.037919 0.191735
1 0.517629 0.678080 0.014436 0.035885
0 0.393038 0.620870 0.067585 0.171439
0 0.376797 0.561779 0.053936 0.249902
0 0.260642 0.373061 0.054049 0.207724
0 0.417051 0.523039 0.043344 0.164954
0 0.396965 0.648644 0.060582 0.225082
