0 0.196743 0.501257 0.077350 0.172896
0 0.604136 0.292325 0.044845 0.133459
0 0.733420 0.536936 0.042558 0.201170
0 0.127237 0.490751 0.058793 0.175623
0 0.902204 0.647989 0.045222 0.241909
0 0.552943 0.352049 0.040849 0.154632
0 0.381752 0.404722 0.031934 0.191359
3 0.771849 0.186788 0.040051 0.127731
0 0.733447 0.362113 0.030176 0.178423
0 0.352744 0.320741 0.033129 0.154751
0 0.696373 0.702963 0.041263 0.190982
2 0.750983 0.244652 0.023538 0.051641
0 0.748153 0.343774 0.026662 0.153284
2 0.701007 0.229829 0.027433 0.054006
