0 0.385178 0.717062 0.080833 0.234819
0 0.141693 0.697360 0.057700 0.261650
0 0.319884 0.780595 0.054688 0.259941
3 0.609543 0.219253 0.041002 0.142294
0 0.458066 0.445803 0.045796 0.182929
0 0.320412 0.348744 0.039283 0.194541
0 0.494195 0.591469 0.062991 0.247649
0 0.256077 0.626879 0.055665 0.242279
1 0.563629 0.408494 0.015423 0.029741
2 0.584415 0.294093 0.028351 0.062589
0 0.589517 0.477292 0.059864 0.153414
0 0.617815 0.589858 0.051767 0.201866
0 0.533100 0.555204 0.049694 0.224794
3 0.418427 0.168075 0.030454 0.086274
0 0.638937 0.537053 0.064564 0.150843
