0 0.350303 0.495567 0.049590 0.162900
0 0.732702 0.561756 0.043611 0.205712
0 0.278567 0.675358 0.057233 0.215512
0 0.536716 0.289672 0.045499 0.137052
0 0.431637 0.458323 0.047302 0.163185
0 0.228102 0.351874 0.037810 0.136114
0 0.526861 0.473556 0.052584 0.173560
0 0.604332 0.387641 0.040157 0.173228
0 0.893690 0.670400 0.048537 0.220375
0 0.079782 0.723507 0.056758 0.255553
2 0.699969 0.257717 0.027631 0.059726
3 0.726538 0.189043 0.052056 0.136227
3 0.754687 0.047432 0.039142 0.093041
0 0.174541 0.276457 0.042308 0.152770
