3 0.225256 0.218304 0.048858 0.126484
0 0.504196 0.675947 0.092700 0.206962
0 0.595328 0.730399 0.056142 0.175792
0 0.787600 0.419992 0.034754 0.161337
0 0.728119 0.610655 0.074656 0.195703
2 0.244850 0.271449 0.022045 0.049124
0 0.409435 0.373759 0.033071 0.135550
0 0.497972 0.452534 0.047017 0.181599
0 0.448003 0.354746 0.043368 0.139753
0 0.519550 0.423728 0.025243 0.174173
1 0.536039 0.669490 0.015124 0.030260
0 0.478543 0.651318 0.032828 0.217118
0 0.644230 0.382712 0.035400 0.159214
0 0.922646 0.642364 0.063133 0.248206
