0 0.329157 0.490610 0.056236 0.150436
0 0.891519 0.685314 0.055091 0.205597
0 0.229627 0.351677 0.050389 0.133876
0 0.729290 0.560169 0.043765 0.210431
0 0.381831 0.536766 0.046861 0.219222
0 0.536307 0.291748 0.048220 0.139754
0 0.615476 0.398435 0.044018 0.165053
0 0.462436 0.516384 0.046065 0.202240
2 0.699921 0.259562 0.029071 0.058497
0 0.281878 0.660483 0.052922 0.232580
0 0.084025 0.719467 0.058841 0.269008
0 0.165275 0.278052 0.033010 0.150180
3 0.721437 0.218892 0.043732 0.073629
1 0.106617 0.651267 0.017374 0.032632
3 0.723072 0.195295 0.049377 0.126152
