0 0.569856 0.679012 0.064168 0.236127
0 0.488814 0.485337 0.073246 0.184332
0 0.491944 0.646028 0.058397 0.202402
0 0.262955 0.543285 0.043125 0.188768
0 0.622318 0.562733 0.066361 0.206264
3 0.248863 0.256781 0.043155 0.124454
0 0.497944 0.340059 0.046109 0.136624
0 0.703790 0.643513 0.040292 0.225116
0 0.301701 0.735272 0.047261 0.190384
0 0.613318 0.448667 0.040460 0.139122
0 0.690322 0.432827 0.036160 0.177606
2 0.270380 0.310222 0.020708 0.049395
0 0.202979 0.595142 0.044560 0.206106
3 0.672279 0.841853 0.075411 0.096574
