0 0.402255 0.706844 0.108638 0.247367
0 0.412673 0.349168 0.074437 0.210551
0 0.299402 0.612886 0.072536 0.194692
3 0.706005 0.131240 0.044888 0.160354
0 0.238511 0.665599 0.070749 0.230054
0 0.597545 0.630129 0.083270 0.208912
0 0.324436 0.785855 0.080843 0.201118
2 0.677131 0.209467 0.031946 0.073272
0 0.665528 0.437832 0.045755 0.227036
0 0.687276 0.384238 0.032440 0.227645
0 0.568678 0.587206 0.048149 0.236349
0 0.660313 0.297520 0.036640 0.100663
0 0.433631 0.350836 0.041302 0.170851
3 0.995566 0.156039 0.008869 0.162160
