0 0.380346 0.751484 0.058088 0.373371
0 0.505775 0.782987 0.059931 0.322507
0 0.579334 0.444839 0.045945 0.224978
0 0.293826 0.780956 0.065092 0.350098
0 0.151298 0.451173 0.037120 0.215478
0 0.223940 0.710942 0.096361 0.487637
0 0.358158 0.431003 0.043409 0.208384
0 0.968590 0.593872 0.059626 0.276202
2 0.514893 0.203789 0.025473 0.055846
0 0.699172 0.357204 0.026888 0.177473
1 0.524462 0.472373 0.013984 0.031427
0 0.674192 0.385450 0.028766 0.134673
0 0.674201 0.418948 0.032850 0.202696
0 0.961716 0.479206 0.058537 0.206571
