0 0.496652 0.794795 0.052937 0.277727
0 0.144996 0.623752 0.049056 0.222149
0 0.714493 0.527115 0.043065 0.154083
0 0.575029 0.609131 0.043319 0.229701
0 0.529476 0.718379 0.049140 0.174608
0 0.308750 0.587498 0.032132 0.183887
0 0.968535 0.558575 0.027723 0.192192
0 0.331754 0.521968 0.041115 0.163968
0 0.015046 0.758621 0.029842 0.254617
0 0.784151 0.445367 0.028439 0.115968
2 0.511212 0.333978 0.019800 0.049394
0 0.732123 0.476210 0.027757 0.123378
0 0.871161 0.514677 0.031410 0.165401
0 0.859963 0.513054 0.026567 0.155874
0 0.141244 0.501295 0.032838 0.156230
