0 0.525311 0.722016 0.055032 0.169851
0 0.491300 0.801951 0.060292 0.291662
0 0.309008 0.585760 0.039892 0.184888
0 0.562422 0.577425 0.036737 0.209449
0 0.148967 0.634814 0.043435 0.233440
0 0.720785 0.530478 0.032980 0.162330
0 0.869490 0.513345 0.036202 0.169404
2 0.511153 0.333636 0.019090 0.049360
0 0.142532 0.493737 0.039302 0.113403
0 0.964856 0.559157 0.027309 0.195134
0 0.014818 0.729910 0.029635 0.272895
0 0.732092 0.487649 0.026431 0.148488
0 0.299636 0.517677 0.033368 0.154103
1 0.465949 0.723183 0.013011 0.028974
0 0.784769 0.445737 0.027389 0.117842
