3 0.847442 0.215576 0.051642 0.129412
0 0.404134 0.392900 0.060123 0.165732
0 0.225781 0.531930 0.051326 0.173211
0 0.839194 0.688940 0.050045 0.221236
0 0.134244 0.514747 0.064125 0.194647
0 0.630111 0.607698 0.072883 0.230393
0 0.681072 0.385072 0.040284 0.151538
0 0.470190 0.411422 0.041004 0.175577
2 0.822809 0.270270 0.029144 0.045036
0 0.773003 0.602745 0.032528 0.219799
0 0.732951 0.545379 0.059921 0.208409
0 0.767100 0.269013 0.024842 0.138054
0 0.700546 0.348558 0.031304 0.160423
1 0.109876 0.497631 0.014712 0.029954
