3 0.830890 0.298837 0.025994 0.078897
0 0.550865 0.490721 0.034702 0.141952
0 0.205542 0.434748 0.029601 0.151416
0 0.267136 0.443270 0.039466 0.117662
0 0.682258 0.529957 0.034335 0.152149
0 0.540262 0.373108 0.022459 0.134461
0 0.166671 0.390711 0.025005 0.124655
0 0.040386 0.466966 0.040627 0.065216
0 0.853503 0.455445 0.025633 0.130303
0 0.297366 0.434138 0.025191 0.105036
0 0.133515 0.421497 0.025371 0.106058
0 0.369213 0.446560 0.023220 0.125989
0 0.355031 0.453272 0.026546 0.119980
2 0.860883 0.327835 0.019054 0.035359
0 0.741687 0.381255 0.029034 0.124707
0 0.690750 0.425059 0.018617 0.112230
