0 0.337773 0.494941 0.049026 0.143111
0 0.478571 0.493831 0.048061 0.176446
0 0.225280 0.356038 0.042074 0.131186
0 0.731287 0.560722 0.044585 0.207078
0 0.892780 0.682762 0.052730 0.200210
0 0.536581 0.290555 0.047075 0.136920
0 0.393422 0.497358 0.051166 0.182163
0 0.614107 0.397868 0.048662 0.164860
0 0.280899 0.677337 0.053192 0.218298
2 0.700411 0.259246 0.029185 0.058560
0 0.086105 0.724131 0.060589 0.258716
3 0.725557 0.197475 0.051241 0.115597
1 0.100613 0.643053 0.015051 0.036156
3 0.753540 0.049847 0.040800 0.095710
