0 0.965326 0.713638 0.061375 0.282843
0 0.551201 0.486615 0.074675 0.262688
0 0.848888 0.592130 0.061146 0.215508
0 0.282401 0.511255 0.062435 0.200409
0 0.644683 0.226011 0.049816 0.198785
3 0.899757 0.115332 0.055627 0.174676
0 0.692102 0.320376 0.049304 0.199225
0 0.375438 0.289364 0.035421 0.204395
0 0.099421 0.494513 0.050867 0.243596
0 0.509812 0.325712 0.037902 0.158254
0 0.498360 0.486108 0.057554 0.259388
2 0.870384 0.199985 0.035792 0.079586
1 0.113885 0.473270 0.015302 0.030536
0 0.169160 0.293607 0.041201 0.191779
